City,Lat,Lng,Max Temp,Humidity,Cloudiness,Wind Speed,Country,Date
khatanga,71.9667,102.5,3.58,97.0,88.0,3.33,RU,1666393899
constitucion,-35.3333,-72.4167,53.92,74.0,1.0,14.14,CL,1666393857
hobart,-42.8794,147.3294,64.26,88.0,75.0,4.61,AU,1666393762
ardakan,32.31,54.0175,68.5,19.0,0.0,3.11,IR,1666393899
albany,42.6001,-73.9662,52.45,52.0,3.0,3.69,US,1666393822
igrim,63.1906,64.4162,31.44,74.0,36.0,12.01,RU,1666393900
rikitea,-23.1203,-134.9692,70.74,74.0,1.0,23.67,PF,1666393900
varniai,55.7406,22.3644,38.14,79.0,100.0,6.29,LT,1666393900
yellowknife,62.456,-114.3525,30.72,69.0,75.0,8.05,CA,1666393731
caravelas,-17.7125,-39.2481,75.34,79.0,41.0,10.38,BR,1666393901
georgetown,5.4112,100.3354,81.23,86.0,40.0,4.61,MY,1666393893
vostok,46.4856,135.8833,37.47,98.0,100.0,3.49,RU,1666393901
bengkulu,-3.8004,102.2655,75.25,91.0,99.0,4.94,ID,1666393902
thompson,55.7435,-97.8558,37.56,65.0,100.0,12.66,CA,1666393902
rocha,-34.4833,-54.3333,55.63,98.0,45.0,5.3,UY,1666393718
andros town,24.7,-77.7667,77.68,69.0,88.0,5.75,BS,1666393902
lebu,-37.6167,-73.65,49.96,75.0,0.0,17.16,CL,1666393903
diffa,13.3154,12.6113,83.1,20.0,69.0,8.14,NE,1666393903
morondava,-20.2833,44.2833,75.63,66.0,28.0,4.81,MG,1666393903
busselton,-33.65,115.3333,55.54,77.0,80.0,9.01,AU,1666393904
ushuaia,-54.8,-68.3,47.86,46.0,40.0,4.61,AR,1666393904
butaritari,3.0707,172.7902,81.23,76.0,17.0,14.45,KI,1666393904
port alfred,-33.5906,26.891,63.18,98.0,100.0,1.01,ZA,1666393904
djenne,13.9061,-4.5533,84.78,18.0,69.0,5.64,ML,1666393905
punta arenas,-53.15,-70.9167,48.31,46.0,0.0,32.21,CL,1666393905
faya,18.3851,42.4509,57.72,60.0,0.0,3.13,SA,1666393905
mar del plata,-38.0023,-57.5575,54.09,81.0,86.0,20.0,AR,1666393690
tuktoyaktuk,69.4541,-133.0374,23.25,90.0,91.0,7.67,CA,1666393906
cidreira,-30.1811,-50.2056,65.1,94.0,98.0,6.29,BR,1666393879
bolshaya glushitsa,50.2406,43.5908,34.81,84.0,83.0,7.78,RU,1666393906
bredasdorp,-34.5322,20.0403,54.63,85.0,81.0,4.41,ZA,1666393907
barrow,71.2906,-156.7887,26.62,93.0,100.0,26.46,US,1666393907
rayachoti,14.05,78.75,70.97,96.0,26.0,1.57,IN,1666393907
meulaboh,4.1363,96.1285,75.06,86.0,98.0,3.09,ID,1666393908
cabo san lucas,22.8909,-109.9124,88.61,77.0,80.0,9.19,MX,1666393908
vaini,-21.2,-175.2,77.16,78.0,75.0,12.66,TO,1666393908
mataura,-46.1927,168.8643,56.48,36.0,17.0,2.95,NZ,1666393909
nizhneyansk,,,,,,,,
belushya guba,,,,,,,,
saint-augustin,51.226,-58.6502,46.26,76.0,16.0,15.01,CA,1666393909
vaitupu,,,,,,,,
hilo,19.7297,-155.09,89.28,81.0,100.0,11.5,US,1666393910
attawapiskat,,,,,,,,
hermanus,-34.4187,19.2345,53.8,81.0,84.0,10.45,ZA,1666393910
taolanaro,,,,,,,,
gisborne,-38.6533,178.0042,55.63,52.0,52.0,10.98,NZ,1666393910
xadani,,,,,,,,
bilma,18.6853,12.9164,74.71,22.0,0.0,9.51,NE,1666393911
kieta,-6.2167,155.6333,84.72,68.0,55.0,6.06,PG,1666393911
san quintin,30.4833,-115.95,71.89,69.0,13.0,7.96,MX,1666393911
alofi,-19.0595,-169.9187,78.13,75.0,98.0,8.46,NU,1666393912
sao filipe,14.8961,-24.4956,78.78,79.0,10.0,4.16,CV,1666393912
slave lake,55.2834,-114.769,44.96,47.0,100.0,6.67,CA,1666393912
aljezur,37.3191,-8.8033,64.27,93.0,100.0,7.38,PT,1666393913
atar,20.5169,-13.0499,89.78,15.0,0.0,8.39,MR,1666393913
kalaleh,37.3807,55.4916,65.53,88.0,100.0,4.52,IR,1666393913
nouadhibou,20.931,-17.0347,72.48,75.0,23.0,21.36,MR,1666393914
hamilton,39.1834,-84.5333,68.25,35.0,75.0,10.36,US,1666393914
tiksi,71.6872,128.8694,12.52,95.0,94.0,5.41,RU,1666393914
arraial do cabo,-22.9661,-42.0278,71.96,94.0,100.0,23.22,BR,1666393914
nanortalik,60.1432,-45.2371,41.14,88.0,100.0,17.4,GL,1666393915
bluff,-46.6,168.3333,56.8,64.0,24.0,11.59,NZ,1666393915
cayenne,4.9333,-52.3333,78.84,89.0,0.0,0.0,GF,1666393915
novo aripuana,-5.1206,-60.3797,82.56,67.0,100.0,1.61,BR,1666393916
skjervoy,70.0311,20.9714,35.6,75.0,100.0,14.83,NO,1666393916
cherskiy,68.75,161.3,12.27,95.0,100.0,6.58,RU,1666393916
hithadhoo,-0.6,73.0833,80.64,77.0,99.0,8.48,MV,1666393917
las palmas,28.4204,-14.0131,70.59,83.0,40.0,11.5,ES,1666393917
east london,-33.0153,27.9116,68.49,88.0,100.0,7.38,ZA,1666393733
saint-philippe,-21.3585,55.7679,69.39,83.0,43.0,8.55,RE,1666393917
puerto ayora,-0.7393,-90.3518,67.55,91.0,82.0,4.0,EC,1666393918
viransehir,37.2353,39.7631,63.19,52.0,1.0,9.19,TR,1666393918
sasovo,54.3537,41.9199,36.1,81.0,100.0,1.01,RU,1666393918
illoqqortoormiut,,,,,,,,
chuy,-33.6971,-53.4616,57.81,97.0,53.0,6.24,UY,1666393919
tasiilaq,65.6145,-37.6368,32.16,94.0,100.0,4.61,GL,1666393919
cape town,-33.9258,18.4232,62.28,66.0,60.0,15.01,ZA,1666393704
aguimes,27.9054,-15.4461,70.43,73.0,20.0,21.85,ES,1666393919
iwanai,42.9744,140.5089,58.53,85.0,56.0,3.94,JP,1666393920
upata,8.0086,-62.3989,80.19,89.0,96.0,4.27,VE,1666393920
barentsburg,,,,,,,,
sandnessjoen,66.0217,12.6316,30.72,65.0,98.0,5.64,NO,1666393920
kapaa,22.0752,-159.319,87.78,69.0,75.0,14.97,US,1666393921
cabedelo,-6.9811,-34.8339,77.14,80.0,69.0,13.58,BR,1666393921
oconomowoc,43.1117,-88.4993,71.17,41.0,0.0,6.91,US,1666393921
manta,-0.95,-80.7333,71.38,73.0,75.0,11.5,EC,1666393922
avarua,-21.2078,-159.775,80.65,78.0,75.0,13.8,CK,1666393922
jamestown,42.097,-79.2353,58.59,40.0,0.0,10.36,US,1666393923
castro,-24.7911,-50.0119,60.04,97.0,46.0,5.06,BR,1666393923
port elizabeth,-33.918,25.5701,61.09,94.0,75.0,6.91,ZA,1666393923
ilulissat,69.2167,-51.1,42.82,65.0,75.0,10.36,GL,1666393924
klamath falls,42.2249,-121.7817,63.86,50.0,0.0,14.97,US,1666393922
svetlogorsk,52.6333,29.7333,38.89,83.0,100.0,6.69,BY,1666393924
wuwei,37.9281,102.6414,44.04,41.0,73.0,1.05,CN,1666393924
kaitangata,-46.2817,169.8464,57.15,42.0,7.0,2.1,NZ,1666393925
pisco,-13.7,-76.2167,63.01,77.0,0.0,13.8,PE,1666393925
north myrtle beach,33.816,-78.68,62.1,74.0,0.0,0.0,US,1666393686
virginia beach,36.8529,-75.978,61.02,74.0,0.0,3.44,US,1666393836
chokwe,-24.5333,32.9833,71.83,80.0,0.0,4.5,MZ,1666393926
ipora,-16.4419,-51.1178,70.38,82.0,100.0,1.07,BR,1666393926
avera,33.194,-82.5271,59.05,36.0,50.0,1.9,US,1666393926
sitka,57.0531,-135.33,44.49,76.0,75.0,8.05,US,1666393927
ghanzi,-21.5667,21.7833,71.58,23.0,2.0,9.01,BW,1666393927
severo-kurilsk,50.6789,156.125,39.92,75.0,88.0,7.54,RU,1666393927
ozinki,51.1786,49.6769,38.32,74.0,99.0,17.11,RU,1666393928
new norfolk,-42.7826,147.0587,63.9,90.0,100.0,1.39,AU,1666393928
hongjiang,27.11,109.9956,63.66,74.0,23.0,2.3,CN,1666393928
airai,-8.9266,125.4092,68.16,62.0,89.0,0.92,TL,1666393929
takapau,-40.0333,176.35,56.73,45.0,0.0,4.43,NZ,1666393929
kimberley,-28.7323,24.7623,65.43,72.0,87.0,5.97,ZA,1666393929
mahebourg,-20.4081,57.7,72.25,80.0,61.0,10.83,MU,1666393930
baykit,61.67,96.37,31.91,96.0,100.0,4.18,RU,1666393930
barranca,-10.75,-77.7667,61.54,79.0,42.0,8.48,PE,1666393930
pontian kecil,1.4801,103.3899,80.02,85.0,91.0,3.56,MY,1666393931
chingirlau,51.095,54.0814,48.42,69.0,100.0,5.06,KZ,1666393931
hasaki,35.7333,140.8333,62.22,66.0,100.0,17.54,JP,1666393931
milan,45.4643,9.1895,64.51,83.0,75.0,8.05,IT,1666393907
luderitz,-26.6481,15.1594,60.04,79.0,1.0,20.15,NA,1666393932
labutta,,,,,,,,
zaykovo,57.5613,62.7568,28.89,68.0,33.0,8.08,RU,1666393932
mindelo,16.8901,-24.9804,78.35,73.0,20.0,19.57,CV,1666393933
melfi,40.9965,15.6514,55.96,78.0,24.0,6.89,IT,1666393933
baiao,-2.7906,-49.6717,84.07,57.0,31.0,8.84,BR,1666393933
nhulunbuy,-12.2333,136.7667,85.93,64.0,100.0,5.12,AU,1666393934
visby,57.6409,18.296,50.22,81.0,100.0,5.75,SE,1666393934
sabanalarga,10.6296,-74.9206,79.68,90.0,83.0,4.88,CO,1666393934
el faiyum,,,,,,,,
narsaq,60.9167,-46.05,35.82,98.0,100.0,7.7,GL,1666393935
longyearbyen,78.2186,15.6401,22.84,68.0,20.0,19.57,SJ,1666393935
drammen,59.7439,10.2045,41.79,85.0,87.0,2.42,NO,1666393935
sergeyevka,53.88,67.4158,42.71,84.0,100.0,5.26,KZ,1666393936
manggar,-2.8833,108.2667,79.27,83.0,100.0,2.37,ID,1666393936
santa isabel do rio negro,-0.4139,-65.0192,78.87,84.0,100.0,2.15,BR,1666393936
garden city,42.3256,-83.331,68.14,39.0,20.0,10.36,US,1666393802
hanmer springs,-42.5167,172.8167,62.89,41.0,1.0,2.89,NZ,1666393937
talnakh,69.4865,88.3972,34.21,97.0,100.0,15.93,RU,1666393937
tabou,4.423,-7.3528,76.42,87.0,73.0,5.86,CI,1666393938
grand gaube,-20.0064,57.6608,72.37,79.0,73.0,5.01,MU,1666393938
tigil,57.8,158.6667,25.84,84.0,94.0,4.74,RU,1666393938
kalas,18.1667,74.8,71.24,87.0,57.0,6.62,IN,1666393939
bara,10.3744,10.7288,75.0,43.0,72.0,0.29,NG,1666393939
tara,56.8944,74.371,41.86,84.0,100.0,7.74,RU,1666393939
cabra,37.4725,-4.4421,62.73,92.0,98.0,2.73,ES,1666393940
guerrero negro,27.9769,-114.0611,76.89,56.0,8.0,11.79,MX,1666393940
bambous virieux,-20.3428,57.7575,72.21,79.0,69.0,10.47,MU,1666393940
victoria,22.2855,114.1577,75.33,85.0,99.0,1.99,HK,1666393756
mount gambier,-37.8333,140.7667,60.71,77.0,75.0,5.75,AU,1666393892
srisailam,16.0833,78.8667,67.71,95.0,20.0,3.18,IN,1666393941
veraval,20.9,70.3667,78.71,43.0,0.0,12.08,IN,1666393941
atuona,-9.8,-139.0333,77.14,63.0,27.0,16.24,PF,1666393941
salvacion,7.9833,126.1333,77.36,89.0,99.0,1.01,PH,1666393942
ketchikan,55.3422,-131.6461,52.27,62.0,40.0,12.66,US,1666393864
todos santos,23.45,-110.2167,79.45,74.0,44.0,7.61,MX,1666393942
carnarvon,-24.8667,113.6333,66.94,76.0,9.0,13.44,AU,1666393943
senneterre,48.3835,-77.2328,46.74,67.0,95.0,15.46,CA,1666393943
ponta delgada,37.7333,-25.6667,65.12,88.0,75.0,25.32,PT,1666393943
geraldton,-28.7667,114.6,63.3,68.0,74.0,6.78,AU,1666393944
lisakovsk,52.5369,62.4936,46.45,92.0,100.0,5.53,KZ,1666393944
hambantota,6.1241,81.1185,77.38,80.0,100.0,7.2,LK,1666393944
hami,42.8,93.45,45.99,38.0,0.0,3.74,CN,1666393945
lorengau,-2.0226,147.2712,83.93,66.0,83.0,8.48,PG,1666393945
upernavik,72.7868,-56.1549,24.39,76.0,100.0,7.99,GL,1666393945
qaanaaq,77.484,-69.3632,-1.05,61.0,0.0,8.37,GL,1666393946
kashi,39.4547,75.9797,49.12,31.0,0.0,1.9,CN,1666393946
kloulklubed,7.0419,134.2556,83.39,75.0,78.0,7.02,PW,1666393946
puerto leguizamo,-0.1934,-74.7819,80.35,78.0,95.0,2.44,CO,1666393947
morant bay,17.8815,-76.4093,78.71,81.0,63.0,5.01,JM,1666393947
vilyuysk,63.7553,121.6247,14.56,98.0,94.0,4.7,RU,1666393947
saskylakh,71.9167,114.0833,14.92,94.0,100.0,4.7,RU,1666393948
quelimane,-17.8786,36.8883,76.95,88.0,20.0,9.22,MZ,1666393948
sentyabrskiy,,,,,,,,
vanavara,60.34,102.2797,27.9,96.0,83.0,3.49,RU,1666393948
elban,50.1018,136.5094,37.31,51.0,100.0,9.73,RU,1666393949
umm kaddadah,13.6017,26.6876,83.46,17.0,78.0,15.73,SD,1666393949
toktogul,41.8708,72.9402,52.79,38.0,5.0,3.24,KG,1666393949
karratha,-20.7377,116.8463,74.44,53.0,0.0,14.9,AU,1666393950
saint anthony,45.0205,-93.218,64.71,41.0,0.0,6.91,US,1666393950
manjacaze,-24.7117,33.8828,66.76,96.0,0.0,4.32,MZ,1666393950
okhotsk,59.3833,143.3,22.62,55.0,37.0,14.81,RU,1666393951
alice springs,-23.7,133.8833,88.21,40.0,1.0,4.61,AU,1666393951
nikolskoye,59.7035,30.7861,42.69,95.0,96.0,3.42,RU,1666393951
hualmay,-11.0964,-77.6139,62.82,78.0,45.0,10.16,PE,1666393952
seki,34.85,136.4,61.72,75.0,100.0,1.3,JP,1666393952
pascagoula,30.3658,-88.5561,69.85,59.0,0.0,6.78,US,1666393952
marsh harbour,26.5412,-77.0636,77.27,77.0,47.0,7.96,BS,1666393953
husavik,66.0449,-17.3389,28.87,84.0,94.0,8.68,IS,1666393953
rovaniemi,66.5,25.7167,31.41,100.0,100.0,3.44,FI,1666393954
ponta do sol,32.6667,-17.1,72.01,85.0,81.0,3.78,PT,1666393954
vardo,70.3705,31.1107,31.98,100.0,100.0,9.22,NO,1666393954
dikson,73.5069,80.5464,32.61,89.0,100.0,12.84,RU,1666393955
namibe,-15.1961,12.1522,67.26,85.0,23.0,4.47,AO,1666393955
marinette,45.1,-87.6307,64.49,39.0,0.0,8.05,US,1666393785
kiruna,67.8557,20.2251,32.92,86.0,40.0,11.5,SE,1666393955
serov,59.6033,60.5787,28.13,72.0,26.0,8.9,RU,1666393956
cuiluan,47.72,128.648,29.55,74.0,76.0,3.69,CN,1666393956
tukrah,32.5341,20.5791,68.22,63.0,0.0,19.1,LY,1666393956
coracao de jesus,-16.6853,-44.365,76.69,53.0,97.0,4.7,BR,1666393957
korla,41.7597,86.1469,47.44,37.0,0.0,4.09,CN,1666393957
tarrafal,15.2833,-23.7667,77.79,82.0,2.0,9.37,CV,1666393957
saldanha,-33.0117,17.9442,60.28,76.0,17.0,20.09,ZA,1666393958
ribeira grande,38.5167,-28.7,67.77,71.0,99.0,1.99,PT,1666393958
pevek,69.7008,170.3133,20.91,96.0,99.0,0.98,RU,1666393958
am timan,11.0297,20.2827,74.95,82.0,91.0,7.16,TD,1666393959
samusu,,,,,,,,
labuhan,-6.8844,112.2051,78.82,81.0,100.0,4.09,ID,1666393959
lodwar,3.1191,35.5973,83.28,39.0,52.0,17.49,KE,1666393959
hovd,48.0056,91.6419,34.79,52.0,32.0,4.97,MN,1666393960
antofagasta,-23.65,-70.4,58.28,77.0,19.0,4.97,CL,1666393960
kirensk,57.7853,108.1119,27.88,89.0,96.0,3.18,RU,1666393960
tokur,53.1333,132.9,21.74,60.0,19.0,2.06,RU,1666393961
tumannyy,,,,,,,,
viedma,-40.8135,-62.9967,44.91,54.0,19.0,8.48,AR,1666393961
pringsewu,-5.3582,104.9744,73.49,96.0,100.0,2.06,ID,1666393962
watsa,3.0372,29.5355,63.54,99.0,89.0,2.1,CD,1666393962
saint george,37.1041,-113.5841,81.95,18.0,0.0,13.8,US,1666393853
half moon bay,37.4636,-122.4286,75.58,73.0,100.0,19.57,US,1666393962
nantucket,41.2835,-70.0995,57.99,75.0,0.0,9.22,US,1666393868
utica,43.1009,-75.2327,54.05,66.0,3.0,6.62,US,1666393870
kununurra,-15.7667,128.7333,92.61,39.0,13.0,4.34,AU,1666393963
patiya,22.2931,91.9762,73.02,91.0,0.0,3.09,BD,1666393963
coihaique,-45.5752,-72.0662,49.95,34.0,0.0,6.91,CL,1666393964
lasa,46.6166,10.7002,51.37,99.0,100.0,5.82,IT,1666393964
laguna,38.421,-121.4238,88.09,38.0,0.0,9.22,US,1666393964
bolungarvik,,,,,,,,
rome,34.257,-85.1647,63.3,52.0,0.0,0.0,US,1666393739
reitz,-27.8014,28.4273,60.17,81.0,78.0,1.61,ZA,1666393965
dudinka,69.4058,86.1778,34.63,98.0,100.0,19.01,RU,1666393965
dubenskiy,,,,,,,,
the valley,18.217,-63.0578,82.81,78.0,20.0,9.22,AI,1666393965
palabuhanratu,,,,,,,,
kosai,34.7105,137.5316,63.86,67.0,100.0,2.8,JP,1666393966
isilkul,54.9109,71.2728,41.74,92.0,100.0,5.17,RU,1666393966
soe,-9.8607,124.284,74.68,67.0,81.0,2.06,ID,1666393967
aksha,50.2814,113.2867,28.78,72.0,94.0,2.33,RU,1666393967
lompoc,34.6391,-120.4579,78.01,82.0,100.0,11.5,US,1666393967
bardiyah,31.7561,25.0865,68.88,64.0,0.0,13.11,LY,1666393968
yeppoon,-23.1333,150.7333,76.78,79.0,63.0,8.46,AU,1666393968
sistranda,63.7256,8.834,40.96,64.0,14.0,9.4,NO,1666393722
denpasar,-8.65,115.2167,80.26,100.0,20.0,2.3,ID,1666393968
tazovskiy,67.4667,78.7,29.57,95.0,100.0,13.33,RU,1666393969
narasannapeta,18.4167,84.05,72.03,73.0,5.0,6.46,IN,1666393969
tuatapere,-46.1333,167.6833,56.75,49.0,12.0,2.46,NZ,1666393969
torbay,47.6666,-52.7314,51.58,85.0,100.0,1.99,CA,1666393970
turukhansk,65.8167,87.9833,33.62,98.0,100.0,16.71,RU,1666393970
raudeberg,61.9875,5.1352,43.47,56.0,100.0,6.89,NO,1666393970
burnie,-41.0667,145.9167,61.95,99.0,100.0,4.36,AU,1666393971
saleaula,,,,,,,,
bitung,1.4451,125.1824,81.45,74.0,83.0,2.95,ID,1666393971
tessalit,20.1986,1.0114,78.87,18.0,84.0,6.62,ML,1666393972
madimba,-10.4,40.3333,72.9,82.0,41.0,8.75,TZ,1666393972
vila velha,-20.3297,-40.2925,74.95,86.0,70.0,8.99,BR,1666393972
ostrovnoy,68.0531,39.5131,29.05,86.0,99.0,9.69,RU,1666393973
sivaki,52.6333,126.75,28.6,71.0,100.0,6.13,RU,1666393973
atasu,48.6814,71.6433,45.36,43.0,17.0,9.73,KZ,1666393793
omboue,-1.5746,9.2618,76.48,88.0,71.0,5.73,GA,1666393974
ukiah,39.1502,-123.2078,83.44,43.0,0.0,5.75,US,1666393974
leningradskiy,69.3833,178.4167,28.85,98.0,99.0,4.65,RU,1666393974
manono,-7.3,27.4167,70.74,83.0,97.0,2.15,CD,1666393975
clovis,36.8252,-119.7029,91.17,26.0,0.0,5.75,US,1666393756
ust-barguzin,53.45,108.9833,29.08,79.0,87.0,3.71,RU,1666393975
cozumel,20.5083,-86.9458,80.08,69.0,40.0,8.01,MX,1666393975
ingham,42.6,-84.3833,64.78,53.0,0.0,14.58,US,1666393976
buchanan,5.8808,-10.0467,76.75,87.0,59.0,4.27,LR,1666393976
chavakkad,10.5333,76.05,75.56,91.0,100.0,4.0,IN,1666393976
yumen,40.2833,97.2,39.4,45.0,0.0,0.96,CN,1666393977
clyde river,70.4692,-68.5914,26.83,93.0,100.0,9.22,CA,1666393977
sundsvall,62.3913,17.3063,37.36,95.0,100.0,3.44,SE,1666393977
quarai,-30.3875,-56.4514,63.79,88.0,31.0,7.29,BR,1666393978
kurilsk,45.2333,147.8833,56.1,74.0,59.0,15.21,RU,1666393978
montevideo,-34.8335,-56.1674,58.51,89.0,100.0,17.0,UY,1666393707
caxito,-8.5785,13.6643,76.23,84.0,100.0,4.32,AO,1666393978
kodiak,57.79,-152.4072,51.31,43.0,0.0,12.66,US,1666393979
chumikan,54.7183,135.315,29.34,68.0,5.0,10.94,RU,1666393979
acapulco,16.8634,-99.8901,80.42,83.0,100.0,2.3,MX,1666393928
port-gentil,-0.7193,8.7815,78.6,83.0,46.0,9.48,GA,1666393979
okha,53.5739,142.9478,32.81,62.0,99.0,11.45,RU,1666393980
cockburn town,21.4612,-71.1419,83.16,75.0,15.0,14.34,TC,1666393980
cao bang,22.6667,106.25,67.46,95.0,83.0,3.22,VN,1666393980
yarmouth,41.7057,-70.2286,57.99,76.0,0.0,6.91,US,1666393981
chokurdakh,70.6333,147.9167,11.68,95.0,100.0,11.43,RU,1666393981
saint-pierre,-21.3393,55.4781,69.91,73.0,0.0,5.75,RE,1666393981
kysyl-syr,63.8986,122.7617,15.66,99.0,97.0,4.63,RU,1666393982
valparaiso,-33.0393,-71.6273,64.63,63.0,0.0,11.5,CL,1666393901
christiansburg,37.1298,-80.4089,55.24,56.0,0.0,4.61,US,1666393982
fredericksburg,38.3032,-77.4605,58.01,60.0,0.0,0.0,US,1666393879
prince albert,53.2001,-105.7677,47.53,54.0,99.0,8.72,CA,1666393983
codrington,-38.2667,141.9667,60.4,87.0,100.0,9.82,AU,1666393983
padang,-0.9492,100.3543,76.86,83.0,100.0,3.0,ID,1666393983
naze,28.3667,129.4833,75.09,85.0,100.0,16.35,JP,1666393984
tateyama,34.9833,139.8667,71.1,65.0,100.0,18.19,JP,1666393984
la paz,-16.5,-68.15,58.98,41.0,20.0,12.66,BO,1666393984
nome,64.5011,-165.4064,39.27,82.0,75.0,16.11,US,1666393835
sann,26.0418,68.1378,78.44,37.0,0.0,7.05,PK,1666393985
lagoa,39.05,-27.9833,64.42,70.0,100.0,30.78,PT,1666393985
hornepayne,49.2138,-84.7705,42.94,91.0,34.0,5.53,CA,1666393986
manaure,11.7751,-72.4445,83.98,74.0,52.0,12.62,CO,1666393986
merrill,45.1805,-89.6835,62.37,47.0,0.0,4.61,US,1666393955
toropets,56.4978,31.6353,40.59,92.0,100.0,3.36,RU,1666393987
khani,41.9563,42.9566,36.97,85.0,79.0,2.73,GE,1666393987
bethel,41.3712,-73.414,54.93,61.0,0.0,1.01,US,1666393749
churapcha,62.0025,132.4325,10.58,96.0,96.0,1.77,RU,1666393987
itarema,-2.9248,-39.9167,78.53,78.0,83.0,18.52,BR,1666393988
vila franca do campo,37.7167,-25.4333,64.81,79.0,100.0,18.12,PT,1666393988
tabuk,17.4189,121.4443,74.79,93.0,96.0,1.77,PH,1666393988
sovetsk,55.0839,21.8785,43.97,65.0,100.0,7.31,RU,1666393989
pacific grove,36.6177,-121.9166,66.38,87.0,75.0,7.0,US,1666393989
mirpur mathelo,28.0227,69.5489,74.44,37.0,0.0,3.51,PK,1666393989
ulaangom,49.9811,92.0667,32.27,74.0,91.0,1.1,MN,1666393990
isangel,-19.55,169.2667,75.54,76.0,99.0,16.71,VU,1666393990
mana,5.6592,-53.7767,80.06,85.0,90.0,7.63,GF,1666393990
kumluca,36.3703,30.2869,66.99,49.0,1.0,8.79,TR,1666393991
omsukchan,62.5333,155.8,3.56,94.0,100.0,4.14,RU,1666393991
mamallapuram,12.6264,80.1722,78.85,86.0,98.0,7.05,IN,1666393991
port lincoln,-34.7333,135.8667,62.2,68.0,89.0,5.91,AU,1666393992
providencia,28.7167,-111.5833,95.2,47.0,52.0,10.33,MX,1666393993
sukhumi,43.0033,41.0153,49.23,74.0,2.0,5.17,GE,1666393993
saryshagan,,,,,,,,
nicoya,10.1483,-85.452,77.04,90.0,98.0,1.77,CR,1666393994
port hedland,-20.3167,118.5667,77.05,73.0,0.0,12.66,AU,1666393994
rapid valley,44.0625,-103.1463,72.45,21.0,0.0,13.8,US,1666393995
westport,41.1415,-73.3579,57.74,61.0,0.0,3.44,US,1666393955
kavieng,-2.5744,150.7967,83.5,69.0,100.0,8.99,PG,1666393995
kahului,20.8947,-156.47,93.22,46.0,20.0,18.41,US,1666393996
vao,-22.6667,167.4833,71.87,65.0,100.0,22.68,NC,1666393996
port augusta,-32.5,137.7667,67.46,73.0,95.0,6.98,AU,1666393996
ouesso,1.6136,16.0517,70.18,98.0,99.0,1.59,CG,1666393997
norman wells,65.282,-126.8329,28.71,90.0,100.0,1.1,CA,1666393997
rungata,,,,,,,,
kovdor,67.5662,30.4758,29.93,59.0,99.0,8.52,RU,1666393997
talaya,61.3833,152.75,1.22,96.0,100.0,3.06,RU,1666393998
provideniya,64.3833,-173.3,35.06,93.0,87.0,8.21,RU,1666393998
udachnyy,66.4167,112.4,9.59,97.0,76.0,4.38,RU,1666393998
inuvik,68.3499,-133.7218,18.84,89.0,65.0,6.26,CA,1666393999
boljarovo,,,,,,,,
yar-sale,66.8333,70.8333,30.52,97.0,100.0,7.74,RU,1666393999
arawa,-6.2132,155.5367,86.34,65.0,54.0,4.07,PG,1666394000
vestmannaeyjar,63.4427,-20.2734,40.62,66.0,76.0,6.51,IS,1666394000
russell,32.3502,-85.1999,67.6,67.0,0.0,0.0,US,1666394000
soyo,-6.1349,12.3689,76.68,87.0,98.0,7.74,AO,1666394001
winder,33.9926,-83.7202,61.88,43.0,0.0,0.0,US,1666393830
teknaf,20.8624,92.3058,76.6,81.0,98.0,4.68,BD,1666394001
jiddah,,,,,,,,
tiarei,-17.5333,-149.3333,77.32,80.0,25.0,17.02,PF,1666394002
bathsheba,13.2167,-59.5167,81.21,83.0,20.0,10.36,BB,1666394002
moerai,-22.4333,-151.3333,73.74,84.0,5.0,18.75,PF,1666394002
guayaramerin,-10.8368,-65.3614,76.39,90.0,98.0,2.01,BO,1666394003
bucksport,44.5737,-68.7956,52.02,67.0,2.0,4.0,US,1666394003
tadine,-21.55,167.8833,75.4,59.0,100.0,18.57,NC,1666394003
kavaratti,10.5669,72.642,80.87,79.0,67.0,6.53,IN,1666394004
touros,-5.1989,-35.4608,77.68,80.0,9.0,16.75,BR,1666394004
bud,39.447,-86.1758,69.91,37.0,83.0,10.09,US,1666394004
yulara,-25.2406,130.9889,83.08,16.0,35.0,6.44,AU,1666394005
imbituba,-28.24,-48.6703,65.57,95.0,68.0,3.13,BR,1666394005
la massana,42.5667,1.4833,48.07,92.0,97.0,3.98,AD,1666394005
indiaroba,-11.5192,-37.5117,73.71,83.0,10.0,5.7,BR,1666394006
kanke,23.4333,85.3167,61.3,84.0,0.0,5.93,IN,1666394006
nusaybin,37.0778,41.2178,63.16,75.0,73.0,4.72,TR,1666394007
dwarka,22.2394,68.9678,81.54,42.0,0.0,7.02,IN,1666394007
ahipara,-35.1667,173.1667,63.3,59.0,71.0,11.74,NZ,1666394007
adrar,20.5022,-10.0711,83.7,13.0,92.0,10.56,MR,1666394007
riyadh,24.6877,46.7219,71.74,16.0,0.0,6.29,SA,1666393874
port hawkesbury,45.6169,-61.3485,54.18,89.0,97.0,5.01,CA,1666394008
lenger,42.183,69.8839,58.8,16.0,15.0,5.99,KZ,1666394008
beroroha,-21.6667,45.1667,72.09,76.0,71.0,1.14,MG,1666394009
amderma,,,,,,,,
grand-santi,4.25,-54.3833,81.3,69.0,100.0,4.79,GF,1666394009
shubarkuduk,49.1447,56.4872,48.0,87.0,100.0,12.48,KZ,1666394009
henties bay,-22.116,14.2845,56.93,96.0,15.0,7.61,NA,1666394010
placido de castro,-10.3353,-67.1856,85.23,55.0,99.0,1.9,BR,1666394010
banda aceh,5.5577,95.3222,79.57,77.0,100.0,12.33,ID,1666394010
karakol,42.4907,78.3936,42.44,40.0,25.0,5.23,KG,1666394011
novyy yegorlyk,46.3927,41.8716,38.79,71.0,4.0,6.55,RU,1666394011
taltal,-25.4,-70.4833,59.68,73.0,23.0,3.22,CL,1666394011
hofn,64.2539,-15.2082,38.89,67.0,70.0,5.46,IS,1666393854
phan thiet,10.9333,108.1,75.18,89.0,58.0,2.51,VN,1666394012
faanui,-16.4833,-151.75,79.61,75.0,9.0,15.93,PF,1666394012
aktash,50.3,87.7333,23.88,62.0,85.0,4.29,RU,1666394012
bubaque,11.2833,-15.8333,81.43,77.0,47.0,7.29,GW,1666394013
tura,25.5198,90.2201,66.85,81.0,0.0,5.41,IN,1666394013
mrirt,,,,,,,,
fort walton beach,30.4058,-86.6188,69.82,48.0,0.0,4.61,US,1666393827
maneadero,31.7167,-116.5667,71.1,75.0,12.0,5.01,MX,1666394013
mogadishu,2.0371,45.3438,77.05,82.0,28.0,13.87,SO,1666394014
bullhead city,35.1478,-114.5683,92.01,18.0,20.0,9.22,US,1666393743
krasnoselkup,65.7,82.4667,31.3,98.0,100.0,9.1,RU,1666394014
kaiyuan,23.6977,103.3037,61.11,92.0,73.0,1.77,CN,1666394015
kruisfontein,-34.0033,24.7314,61.52,82.0,100.0,4.88,ZA,1666394015
sivas,39.7916,37.0019,32.63,93.0,20.0,3.44,TR,1666394015
monduli,-3.3,36.45,59.47,70.0,51.0,4.61,TZ,1666394016
alta,69.9689,23.2717,38.46,78.0,75.0,5.75,NO,1666394016
ulladulla,-35.35,150.4667,67.1,72.0,28.0,6.8,AU,1666394005
iqaluit,63.7506,-68.5145,33.57,84.0,37.0,25.46,CA,1666394016
fort nelson,58.8053,-122.7002,44.62,60.0,100.0,2.91,CA,1666394017
arlit,18.7369,7.3853,78.85,18.0,19.0,14.14,NE,1666394017
urdzhar,,,,,,,,
petropavlovsk-kamchatskiy,53.0452,158.6483,33.78,75.0,40.0,6.71,RU,1666394017
kargat,55.1956,80.2811,45.07,76.0,98.0,11.39,RU,1666394018
baghdad,33.3406,44.4009,78.71,38.0,0.0,17.27,IQ,1666393744
esperance,-33.8667,121.9,57.04,74.0,100.0,5.44,AU,1666394018
ruatoria,,,,,,,,
la ronge,55.1001,-105.2842,43.9,48.0,98.0,8.86,CA,1666394019
tilichiki,60.4667,166.1,17.06,84.0,75.0,5.17,RU,1666394019
novikovo,51.1537,37.8879,38.3,74.0,94.0,4.12,RU,1666394019
srednekolymsk,67.45,153.6833,13.23,95.0,100.0,10.29,RU,1666394020
pangody,65.85,74.4859,29.79,84.0,98.0,12.12,RU,1666394020
atherton,53.5237,-2.4935,59.14,94.0,85.0,7.74,GB,1666394020
oktyabrskoye,43.0645,44.7417,42.94,87.0,100.0,0.0,RU,1666394020
beringovskiy,63.05,179.3167,33.57,90.0,96.0,3.4,RU,1666394021
grand centre,,,,,,,,
worland,44.0169,-107.9554,71.89,21.0,0.0,5.99,US,1666394021
wellington,-41.2866,174.7756,60.58,52.0,1.0,6.91,NZ,1666393838
palana,59.1167,159.9667,21.24,87.0,92.0,5.99,RU,1666394022
amapa,1.0,-52.0,83.79,57.0,83.0,7.78,BR,1666394022
ugoofaaru,5.6667,73.0,80.47,82.0,90.0,13.76,MV,1666394022
cheuskiny,,,,,,,,
mazyr,52.0495,29.2456,38.23,84.0,99.0,7.02,BY,1666394023
waddan,29.1614,16.139,66.09,73.0,15.0,9.42,LY,1666394023
gravdal,68.1214,13.5031,45.57,75.0,100.0,17.43,NO,1666394008
lovozero,68.005,35.0117,29.8,79.0,100.0,4.09,RU,1666394024
jalu,29.0331,21.5482,68.54,52.0,0.0,8.57,LY,1666394024
ancud,-41.8697,-73.8203,47.66,75.0,1.0,4.72,CL,1666394013
richards bay,-28.783,32.0377,69.82,95.0,20.0,4.03,ZA,1666394024
smoky lake,54.1169,-112.4686,44.65,56.0,100.0,8.79,CA,1666394025
te anau,-45.4167,167.7167,54.45,64.0,16.0,3.38,NZ,1666393740
aklavik,68.2191,-135.0107,20.52,92.0,94.0,4.94,CA,1666394025
mys shmidta,,,,,,,,
ardistan,,,,,,,,
berlevag,70.8578,29.0864,33.8,80.0,100.0,5.75,NO,1666394026
sao gabriel,-30.3364,-54.32,60.51,93.0,83.0,5.99,BR,1666394026
narrabri,-30.3167,149.7833,66.7,87.0,100.0,14.9,AU,1666394026
winslow,35.0242,-110.6974,75.38,25.0,0.0,13.8,US,1666394027
bababe,,,,,,,,
pitanga,-24.7572,-51.7614,58.08,96.0,0.0,3.85,BR,1666394027
caborca,30.5838,-111.101,83.86,38.0,95.0,10.8,MX,1666394027
brae,60.3964,-1.353,52.41,94.0,100.0,13.87,GB,1666394028
bull savanna,17.8868,-77.5902,77.92,80.0,54.0,3.31,JM,1666394028
paracuru,-3.41,-39.0306,80.11,76.0,42.0,14.54,BR,1666394028
oranjemund,-28.55,16.4333,58.26,87.0,11.0,9.19,NA,1666394028
suntar,62.1444,117.6319,20.12,98.0,100.0,3.0,RU,1666394029
rylsk,51.5655,34.6822,38.3,81.0,99.0,4.72,RU,1666394029
yiyang,28.5892,112.3283,60.21,74.0,15.0,4.92,CN,1666394029
langsa,4.4683,97.9683,73.78,99.0,100.0,3.31,ID,1666394030
alekseyevskoye,55.3071,50.1135,32.22,76.0,61.0,9.28,RU,1666394030
singaraja,-8.112,115.0882,81.1,77.0,100.0,1.68,ID,1666394030
kiunga,-6.1219,141.2906,75.81,96.0,100.0,3.29,PG,1666394031
daxian,,,,,,,,
reoti,25.85,84.3833,69.03,72.0,0.0,2.75,IN,1666394031
halalo,,,,,,,,
san cristobal,7.7669,-72.225,68.7,96.0,98.0,1.43,VE,1666394031
san vicente,-26.6167,-54.1333,56.98,98.0,16.0,2.15,AR,1666394032
xuddur,4.1213,43.8894,71.01,83.0,79.0,10.54,SO,1666394032
vila do maio,15.1333,-23.2167,77.79,79.0,2.0,9.84,CV,1666394032
fortuna,40.5982,-124.1573,65.93,65.0,100.0,10.36,US,1666394033
khonuu,,,,,,,,
konin,52.2234,18.2512,52.23,87.0,100.0,10.0,PL,1666394033
waipawa,-41.4122,175.5153,51.94,55.0,0.0,4.05,NZ,1666394033
tsihombe,,,,,,,,
lanzhou,36.0564,103.7922,52.07,40.0,100.0,2.84,CN,1666394034
manado,1.487,124.8455,81.37,89.0,40.0,2.3,ID,1666394034
kuytun,54.3419,101.5036,31.24,94.0,89.0,5.14,RU,1666394034
megion,61.0296,76.1136,32.02,85.0,100.0,10.16,RU,1666394035
banjar,-8.19,114.9675,79.72,81.0,100.0,2.57,ID,1666394035
murdochville,48.9583,-65.5006,37.87,78.0,10.0,9.1,CA,1666394035
ocos,14.5094,-92.1933,82.11,76.0,36.0,7.0,GT,1666394036
kalmunai,7.4167,81.8167,75.18,90.0,100.0,7.78,LK,1666394036
marawi,7.9986,124.2928,72.95,87.0,98.0,1.59,PH,1666394036
killam,52.7834,-111.8518,46.96,46.0,98.0,10.63,CA,1666394037
shebalino,51.2917,85.6772,40.77,69.0,100.0,6.71,RU,1666394037
bihoro,43.8228,144.1044,53.67,87.0,75.0,3.44,JP,1666394037
general pico,-35.6566,-63.7568,51.08,77.0,97.0,18.05,AR,1666394038
popondetta,-8.7537,148.2534,88.05,57.0,83.0,3.11,PG,1666394038
bibbiena,43.6965,11.8135,65.08,88.0,100.0,5.06,IT,1666394038
maues,-3.3836,-57.7186,84.04,62.0,72.0,1.52,BR,1666394038
mananara,-16.1667,49.7667,66.13,92.0,30.0,4.29,MG,1666394039
lata,40.1629,-8.3327,59.92,96.0,35.0,4.97,PT,1666394039
suez,29.9737,32.5263,67.01,83.0,0.0,9.4,EG,1666394039
durazno,-33.4131,-56.5006,61.7,91.0,65.0,9.82,UY,1666394040
kaspiyskiy,45.3929,47.3707,47.12,63.0,71.0,22.17,RU,1666394040
bolshiye saly,,,,,,,,
torres,-29.3353,-49.7269,66.83,92.0,86.0,10.85,BR,1666394040
derbent,42.0678,48.2899,56.79,64.0,100.0,4.32,RU,1666394041
zhezkazgan,47.8043,67.7144,51.4,46.0,67.0,11.61,KZ,1666394041
menomonie,44.8755,-91.9193,64.44,52.0,0.0,3.44,US,1666393786
solovetskiy,,,,,,,,
la asuncion,11.0333,-63.8628,80.74,82.0,0.0,10.54,VE,1666394042
latung,5.5,120.8833,83.1,72.0,94.0,1.34,PH,1666394042
paamiut,61.994,-49.6678,41.47,85.0,100.0,37.47,GL,1666394042
muros,42.7762,-9.0603,63.84,83.0,70.0,22.32,ES,1666394043
kachiry,53.0675,76.1036,51.48,45.0,100.0,13.18,KZ,1666394043
taoudenni,22.6783,-3.9836,83.75,13.0,100.0,13.33,ML,1666394043
sakakah,29.9697,40.2064,72.73,30.0,12.0,9.31,SA,1666393817
grand forks,47.9417,-97.4337,58.93,33.0,100.0,4.61,US,1666394044
aasiaat,68.7098,-52.8699,34.5,97.0,100.0,5.93,GL,1666394044
brigantine,39.4101,-74.3646,60.03,72.0,0.0,4.0,US,1666394044
kasempa,-13.4584,25.8338,68.95,45.0,72.0,6.91,ZM,1666394045
kibondo,-3.5864,30.7203,66.54,70.0,80.0,1.07,TZ,1666394045
nabire,-3.3667,135.4833,77.59,90.0,100.0,2.24,ID,1666394045
farafangana,-22.8167,47.8333,68.05,85.0,46.0,4.32,MG,1666394046
owando,-0.4819,15.8999,70.2,98.0,81.0,2.06,CG,1666394046
los llanos de aridane,28.6585,-17.9182,67.75,80.0,0.0,8.01,ES,1666394046
rawson,-43.3002,-65.1023,53.91,40.0,0.0,23.02,AR,1666394047
pontianak,-0.0333,109.3333,73.38,100.0,40.0,0.0,ID,1666394047
kunashak,55.7032,61.5498,32.52,77.0,87.0,10.69,RU,1666394047
maple creek,49.9168,-109.4848,42.69,75.0,100.0,2.37,CA,1666394048
bulaevo,54.9056,70.4439,41.5,88.0,100.0,5.68,KZ,1666394048
gibara,21.1097,-76.1317,76.87,89.0,96.0,5.88,CU,1666394048
tirano,46.2154,10.1679,60.6,100.0,100.0,5.39,IT,1666394049
igarka,67.4667,86.5833,33.31,98.0,100.0,18.32,RU,1666394049
la canada flintridge,34.1992,-118.1879,87.1,54.0,0.0,10.36,US,1666393861
paita,-5.0892,-81.1144,64.04,80.0,44.0,16.67,PE,1666394049
juneau,58.3019,-134.4197,45.21,93.0,75.0,4.61,US,1666394016
mapastepec,15.4333,-92.9,81.66,84.0,39.0,3.02,MX,1666394050
santa helena,-2.2311,-45.3,76.77,86.0,60.0,4.21,BR,1666394050
pangnirtung,66.1451,-65.7125,29.39,90.0,100.0,9.53,CA,1666394051
sao joao da barra,-21.6403,-41.0511,74.23,86.0,76.0,23.38,BR,1666394051
charters towers,-20.1,146.2667,78.69,58.0,0.0,2.8,AU,1666394051
grindavik,63.8424,-22.4338,36.07,80.0,0.0,10.36,IS,1666394052
kazalinsk,,,,,,,,
portland,45.5234,-122.6762,50.61,92.0,100.0,1.01,US,1666393819
kamaishi,39.2667,141.8833,61.27,72.0,59.0,7.45,JP,1666394052
opatija,45.3392,14.3083,65.17,85.0,100.0,8.61,HR,1666394053
hebi,35.8992,114.1925,61.43,39.0,0.0,4.07,CN,1666394053
fairbanks,64.8378,-147.7164,34.61,94.0,100.0,8.05,US,1666394053
balykshi,47.0667,51.8667,48.06,70.0,67.0,25.97,KZ,1666394053
ust-omchug,61.15,149.6333,-2.27,95.0,45.0,3.31,RU,1666394054
jambi,-1.6,103.6167,74.16,97.0,94.0,1.41,ID,1666394054
inderborskiy,,,,,,,,
camacha,33.0833,-16.3333,65.62,88.0,0.0,9.22,PT,1666394055
myitkyina,25.3833,97.4,69.53,80.0,2.0,2.93,MM,1666394055
akyab,20.15,92.9,77.9,84.0,98.0,5.84,MM,1666394055
chicama,-7.8447,-79.1469,59.54,73.0,86.0,7.65,PE,1666394056
sabinas hidalgo,26.5,-100.1667,81.28,35.0,0.0,7.09,MX,1666394056
asau,46.4333,26.4,38.32,48.0,77.0,5.59,RO,1666394056
pemba,-12.974,40.5178,74.62,79.0,12.0,9.08,MZ,1666394057
koygorodok,60.445,50.9968,32.59,72.0,77.0,9.04,RU,1666394057
milingimbi,,,,,,,,
nambucca heads,-30.65,153.0,69.17,83.0,100.0,15.95,AU,1666394057
katsuura,35.1333,140.3,71.46,68.0,100.0,17.02,JP,1666394058
san jose,37.3394,-121.895,78.91,57.0,20.0,14.97,US,1666394058
san patricio,28.017,-97.5169,82.54,48.0,0.0,14.52,US,1666394058
salalah,17.0151,54.0924,77.09,69.0,20.0,2.3,OM,1666394059
mnogovershinnyy,53.9353,139.9242,27.28,63.0,43.0,6.08,RU,1666394059
bergama,39.1207,27.1805,47.41,78.0,0.0,8.28,TR,1666394059
coari,-4.085,-63.1414,78.82,85.0,98.0,3.31,BR,1666394060
tarudant,,,,,,,,
capanema,-1.1958,-47.1808,77.5,80.0,62.0,5.46,BR,1666394060
palmer,42.1584,-72.3287,52.21,64.0,0.0,5.75,US,1666394060
evensk,61.95,159.2333,13.91,74.0,84.0,8.52,RU,1666394061
ambovombe,-25.1667,46.0833,71.96,72.0,5.0,7.0,MG,1666394061
iralaya,15.0,-83.2333,80.62,76.0,28.0,7.23,HN,1666394061
ishigaki,24.3448,124.1572,80.73,100.0,75.0,3.44,JP,1666394062
caucaia,-3.7361,-38.6531,80.04,74.0,55.0,11.77,BR,1666394062
makakilo city,21.3469,-158.0858,85.75,63.0,0.0,9.22,US,1666394054
muskegon,43.3,-86.1334,69.66,43.0,40.0,19.57,US,1666394063
wasilla,61.5814,-149.4394,42.78,95.0,100.0,5.75,US,1666394063
morros,-9.4467,-46.3003,86.25,24.0,99.0,4.45,BR,1666394063
sao miguel do araguaia,-13.275,-50.1628,79.75,64.0,97.0,8.93,BR,1666394064
xining,36.6167,101.7667,41.9,65.0,100.0,1.72,CN,1666394064
chapais,49.7834,-74.8492,41.7,71.0,100.0,15.66,CA,1666394064
pobe,6.9801,2.6649,73.42,94.0,47.0,3.4,BJ,1666394065
yuzhno-yeniseyskiy,,,,,,,,
ballymena,54.8636,-6.2763,56.64,97.0,79.0,7.54,GB,1666394065
toliary,,,,,,,,
povenets,62.8487,34.8262,32.04,69.0,96.0,4.56,RU,1666394066
sofiysk,,,,,,,,
cervo,43.6702,-7.4101,59.97,67.0,50.0,9.62,ES,1666394066
esil,51.9556,66.4042,49.33,63.0,100.0,6.71,KZ,1666394066
cochrane,51.1834,-114.4687,39.9,78.0,75.0,5.75,CA,1666394067
sorong,-0.8833,131.25,80.29,82.0,100.0,3.27,ID,1666394067
kirakira,-10.4544,161.9205,83.07,78.0,99.0,4.45,SB,1666394067
praia,14.9215,-23.5087,77.54,83.0,20.0,6.91,CV,1666394068
general nakar,14.7631,121.635,80.49,85.0,100.0,4.81,PH,1666394068
baijiantan,45.6333,85.1833,49.01,58.0,80.0,5.73,CN,1666394069
poum,-20.2333,164.0167,77.76,75.0,100.0,26.73,NC,1666394069
aksarka,66.5606,67.7975,29.98,97.0,100.0,2.91,RU,1666394069
northam,51.0333,-4.2167,57.38,96.0,82.0,19.44,GB,1666394070
sturgeon bay,44.8342,-87.377,64.38,45.0,0.0,3.44,US,1666394070
ocampo,21.65,-101.5,69.93,20.0,53.0,7.16,MX,1666394070
buritizeiro,-17.3511,-44.9622,77.99,60.0,99.0,3.42,BR,1666394071
rio gallegos,-51.6226,-69.2181,50.2,35.0,100.0,16.24,AR,1666393893
nelson bay,-32.7167,152.15,74.08,82.0,83.0,15.01,AU,1666394071
alakurtti,66.9672,30.3491,29.34,66.0,93.0,4.18,RU,1666394071
marana,32.4367,-111.2254,91.99,24.0,0.0,10.36,US,1666394072
manacapuru,-3.2997,-60.6206,84.63,64.0,76.0,5.77,BR,1666394072
muana,-1.5283,-49.2167,78.58,84.0,49.0,8.63,BR,1666394072
lerwick,60.1545,-1.1494,53.6,94.0,100.0,15.97,GB,1666394073
saint austell,50.3383,-4.7658,58.08,88.0,40.0,10.36,GB,1666394073
college,64.8569,-147.8028,34.59,94.0,100.0,8.05,US,1666394073
maraa,-1.8333,-65.3667,75.99,93.0,99.0,1.77,BR,1666393879
bereznik,62.8551,42.7072,28.44,94.0,12.0,5.19,RU,1666394074
mangan,27.5167,88.5333,60.28,42.0,0.0,7.9,IN,1666394074
naral,,,,,,,,
ucluelet,48.9329,-125.5528,50.31,89.0,99.0,1.01,CA,1666394074
norsup,-16.0667,167.3833,79.92,79.0,100.0,14.05,VU,1666394075
souillac,-20.5167,57.5167,71.1,83.0,33.0,10.0,MU,1666394075
