City,Lat,Lng,Max Temp,Humidity,Cloudiness,Wind Speed,Country,Date
tucurui,-3.7661,-49.6725,89.42,53.0,100.0,5.53,BR,1666727191
atherton,53.5237,-2.4935,59.14,85.0,100.0,7.0,GB,1666727191
kimbe,-5.5502,150.1429,75.49,90.0,82.0,3.22,PG,1666727191
barentsburg,,,,,,,,
cabo san lucas,22.8909,-109.9124,88.61,57.0,16.0,6.93,MX,1666726932
new norfolk,-42.7826,147.0587,54.91,87.0,100.0,4.0,AU,1666727192
taolanaro,,,,,,,,
cidreira,-30.1811,-50.2056,67.95,75.0,0.0,15.73,BR,1666727193
bredasdorp,-34.5322,20.0403,61.48,72.0,100.0,9.15,ZA,1666727193
victor harbor,-35.5667,138.6167,54.68,91.0,92.0,8.3,AU,1666727194
yima,34.7381,111.8839,53.67,81.0,100.0,2.95,CN,1666727194
albany,42.6001,-73.9662,71.38,89.0,99.0,3.0,US,1666726981
cherskiy,68.75,161.3,-4.85,92.0,42.0,6.89,RU,1666727195
alofi,-19.0595,-169.9187,75.09,60.0,80.0,10.36,NU,1666727195
maarianhamina,60.0973,19.9348,51.66,100.0,100.0,8.05,AX,1666727195
moses lake,47.1301,-119.2781,56.88,41.0,0.0,12.66,US,1666727196
novyy nekouz,57.9029,38.07,32.05,75.0,22.0,4.99,RU,1666727196
puga,21.5833,-104.8167,82.58,51.0,8.0,4.72,MX,1666727196
yellowknife,62.456,-114.3525,23.56,85.0,99.0,10.0,CA,1666726941
richards bay,-28.783,32.0377,71.82,90.0,84.0,17.09,ZA,1666727197
ushuaia,-54.8,-68.3,49.62,40.0,0.0,6.91,AR,1666727059
lemesos,,,,,,,,
mataura,-46.1927,168.8643,43.48,69.0,100.0,3.13,NZ,1666727198
wanlaweyn,2.6185,44.8938,77.65,79.0,93.0,12.17,SO,1666727198
hilo,19.7297,-155.09,82.62,69.0,20.0,5.01,US,1666727198
calvinia,-31.4707,19.776,60.4,39.0,100.0,4.16,ZA,1666727198
east london,-33.0153,27.9116,65.5,70.0,100.0,14.56,ZA,1666727199
port elizabeth,-33.918,25.5701,65.1,81.0,75.0,11.5,ZA,1666727025
puerto ayora,-0.7393,-90.3518,76.96,88.0,87.0,5.01,EC,1666727199
castro,-24.7911,-50.0119,72.82,64.0,0.0,6.15,BR,1666727200
barrow,71.2906,-156.7887,17.62,86.0,100.0,23.02,US,1666727200
san miguel,13.4833,-88.1833,92.8,58.0,20.0,11.5,SV,1666727200
karpathos,35.507,27.2132,66.16,82.0,0.0,6.91,GR,1666727201
goure,13.9835,10.2704,82.17,21.0,10.0,8.77,NE,1666727201
arraial do cabo,-22.9661,-42.0278,76.96,73.0,40.0,10.36,BR,1666727201
illoqqortoormiut,,,,,,,,
port alfred,-33.5906,26.891,60.19,87.0,100.0,4.0,ZA,1666727202
belushya guba,,,,,,,,
tarudant,,,,,,,,
porto belo,-27.1578,-48.5531,74.79,69.0,13.0,7.81,BR,1666727202
tura,25.5198,90.2201,64.24,96.0,41.0,3.02,IN,1666727203
busselton,-33.65,115.3333,52.79,88.0,51.0,1.88,AU,1666727203
rikitea,-23.1203,-134.9692,72.97,73.0,57.0,18.34,PF,1666727203
mount gambier,-37.8333,140.7667,57.11,94.0,100.0,6.91,AU,1666726906
esil,51.9556,66.4042,34.56,71.0,100.0,6.85,KZ,1666727204
tilichiki,60.4667,166.1,20.26,85.0,60.0,3.65,RU,1666727204
akdepe,42.0551,59.3788,51.89,63.0,52.0,10.83,TM,1666727204
samusu,,,,,,,,
polonnaruwa,7.9333,81.0,75.16,91.0,49.0,2.8,LK,1666727205
hobart,-42.8794,147.3294,55.26,96.0,75.0,14.97,AU,1666727097
kutum,14.2,24.6667,72.54,22.0,3.0,10.27,SD,1666727205
mashhad,36.297,59.6062,55.54,82.0,75.0,6.91,IR,1666727205
mapiripan,2.8892,-72.1256,87.58,55.0,65.0,2.53,CO,1666727206
khatanga,71.9667,102.5,5.85,97.0,88.0,7.14,RU,1666727206
jamestown,42.097,-79.2353,76.59,41.0,0.0,8.05,US,1666727179
punta arenas,-53.15,-70.9167,55.51,41.0,0.0,19.57,CL,1666727179
dikson,73.5069,80.5464,23.09,86.0,100.0,2.66,RU,1666727208
bengkulu,-3.8004,102.2655,74.1,93.0,100.0,5.73,ID,1666727208
bara,10.3744,10.7288,82.02,33.0,70.0,6.33,NG,1666727208
hithadhoo,-0.6,73.0833,81.77,75.0,53.0,12.62,MV,1666727209
the valley,18.217,-63.0578,87.66,79.0,20.0,11.5,AI,1666727209
bluff,-46.6,168.3333,43.81,76.0,100.0,8.68,NZ,1666727210
fortuna,40.5982,-124.1573,61.93,78.0,0.0,6.91,US,1666727211
bambous virieux,-20.3428,57.7575,73.22,83.0,40.0,13.8,MU,1666727211
kalmunai,7.4167,81.8167,77.43,86.0,69.0,3.4,LK,1666727211
paamiut,61.994,-49.6678,31.66,73.0,13.0,13.27,GL,1666727212
diffa,13.3154,12.6113,82.22,24.0,17.0,8.7,NE,1666727212
marquette,46.5333,-87.6335,50.68,90.0,95.0,6.69,US,1666727212
airai,-8.9266,125.4092,61.63,93.0,100.0,0.83,TL,1666727213
ilulissat,69.2167,-51.1,26.62,93.0,75.0,4.61,GL,1666727213
alekseyevsk,57.8406,108.3492,31.19,66.0,100.0,10.89,RU,1666727213
carupano,10.6678,-63.2585,83.43,81.0,91.0,10.6,VE,1666727214
belfast,54.5833,-5.9333,57.79,88.0,75.0,14.97,GB,1666727102
atikokan,48.7555,-91.6216,37.69,69.0,100.0,10.2,CA,1666727214
ulaanbaatar,47.9077,106.8832,10.53,79.0,0.0,2.24,MN,1666727039
port lincoln,-34.7333,135.8667,56.53,88.0,93.0,7.58,AU,1666727111
vicuna,-30.0319,-70.7081,73.78,38.0,0.0,10.6,CL,1666727188
vao,-22.6667,167.4833,73.13,75.0,100.0,20.69,NC,1666727216
dor marunt,44.45,26.9167,63.66,65.0,36.0,5.06,RO,1666727217
avarua,-21.2078,-159.775,75.25,69.0,75.0,5.75,CK,1666727217
mitsamiouli,-11.3847,43.2844,75.67,79.0,5.0,12.03,KM,1666727218
coihaique,-45.5752,-72.0662,59.61,67.0,75.0,8.05,CL,1666727218
codrington,-38.2667,141.9667,57.0,96.0,99.0,8.41,AU,1666727218
husavik,66.0449,-17.3389,35.26,87.0,100.0,6.67,IS,1666727219
mys shmidta,,,,,,,,
sinnamary,5.3833,-52.95,83.32,71.0,100.0,9.95,GF,1666727219
san quintin,30.4833,-115.95,71.82,29.0,0.0,6.73,MX,1666727219
amderma,,,,,,,,
atuona,-9.8,-139.0333,76.89,73.0,3.0,20.45,PF,1666727220
saint-leu,-21.15,55.2833,72.32,73.0,39.0,2.06,RE,1666727220
nikolskoye,59.7035,30.7861,35.49,81.0,100.0,8.39,RU,1666727220
mahebourg,-20.4081,57.7,73.26,83.0,40.0,13.8,MU,1666727221
ketchikan,55.3422,-131.6461,43.27,93.0,100.0,4.61,US,1666727221
saint george,37.1041,-113.5841,60.8,32.0,0.0,4.0,US,1666727221
san patricio,28.017,-97.5169,77.09,21.0,0.0,10.98,US,1666727222
sao filipe,14.8961,-24.4956,78.08,79.0,69.0,7.61,CV,1666727222
vaini,-21.2,-175.2,71.76,64.0,100.0,8.05,TO,1666727222
forestville,38.8451,-76.875,65.23,85.0,100.0,5.75,US,1666727223
baykit,61.67,96.37,31.51,83.0,100.0,10.22,RU,1666727223
mehamn,71.0357,27.8492,33.71,74.0,75.0,11.5,NO,1666727223
grand gaube,-20.0064,57.6608,73.38,70.0,0.0,5.01,MU,1666727224
bilibino,68.0546,166.4372,-15.95,99.0,13.0,3.85,RU,1666727224
wodonga,-36.1167,146.8833,60.96,100.0,100.0,2.3,AU,1666727224
vaitupu,,,,,,,,
papasquiaro,,,,,,,,
lagoa,39.05,-27.9833,63.43,64.0,18.0,22.32,PT,1666727225
severo-kurilsk,50.6789,156.125,36.99,66.0,5.0,6.58,RU,1666727225
kruisfontein,-34.0033,24.7314,62.89,76.0,100.0,11.9,ZA,1666727226
georgetown,5.4112,100.3354,77.23,94.0,20.0,1.14,MY,1666727174
kigoma,-4.8769,29.6267,78.98,64.0,100.0,1.3,TZ,1666727226
bethel,41.3712,-73.414,72.77,88.0,100.0,3.44,US,1666727226
urdzhar,,,,,,,,
kazalinsk,,,,,,,,
cape town,-33.9258,18.4232,61.27,86.0,20.0,18.41,ZA,1666727087
fairbanks,64.8378,-147.7164,23.22,88.0,0.0,9.22,US,1666727056
saldanha,-33.0117,17.9442,59.05,91.0,37.0,15.77,ZA,1666727227
okhotsk,59.3833,143.3,22.5,66.0,2.0,12.08,RU,1666727229
dunmore town,25.5,-76.65,79.43,70.0,32.0,8.23,BS,1666727229
solwezi,-12.1688,26.3894,63.63,77.0,59.0,5.08,ZM,1666727229
la ermita,20.4139,-101.9936,83.7,30.0,63.0,5.14,MX,1666727230
saleaula,,,,,,,,
attawapiskat,,,,,,,,
ahipara,-35.1667,173.1667,60.57,71.0,54.0,8.05,NZ,1666727230
palabuhanratu,,,,,,,,
komsomolskiy,40.4272,71.7189,56.12,82.0,40.0,11.5,UZ,1666727230
karlstad,59.3793,13.5036,48.76,93.0,75.0,5.75,SE,1666727231
beloha,-25.1667,45.05,71.38,86.0,100.0,2.71,MG,1666727231
lompoc,34.6391,-120.4579,81.01,61.0,0.0,17.27,US,1666727054
sobolevo,54.4299,31.8996,44.89,89.0,100.0,8.1,RU,1666727232
petropavlovsk-kamchatskiy,53.0452,158.6483,21.79,74.0,0.0,8.95,RU,1666727162
waterloo,43.4668,-80.5164,69.03,47.0,100.0,11.61,CA,1666727135
longyearbyen,78.2186,15.6401,17.44,67.0,40.0,4.61,SJ,1666727045
russell,32.3502,-85.1999,81.55,47.0,0.0,9.22,US,1666727127
wladyslawowo,54.7909,18.4009,55.94,86.0,100.0,14.67,PL,1666727114
vadso,70.0744,29.7487,32.16,80.0,75.0,12.66,NO,1666727232
kahului,20.8947,-156.47,86.02,64.0,20.0,17.27,US,1666726967
talnakh,69.4865,88.3972,8.55,98.0,95.0,2.89,RU,1666727233
maragogi,-9.0122,-35.2225,78.64,77.0,47.0,12.97,BR,1666727233
tazovskiy,67.4667,78.7,17.6,92.0,100.0,12.55,RU,1666727234
clyde river,70.4692,-68.5914,0.0,88.0,31.0,4.16,CA,1666727235
faanui,-16.4833,-151.75,79.72,79.0,99.0,24.11,PF,1666727235
angola,-12.5,18.5,68.45,64.0,70.0,3.56,AO,1666726986
korhogo,9.45,-5.6333,80.15,48.0,19.0,0.65,CI,1666727236
tsihombe,,,,,,,,
klaksvik,62.2266,-6.589,50.92,93.0,100.0,10.65,FO,1666727236
lebu,-37.6167,-73.65,57.09,82.0,88.0,13.0,CL,1666727236
kapaa,22.0752,-159.319,82.72,77.0,40.0,14.97,US,1666727237
mar del plata,-38.0023,-57.5575,69.82,82.0,0.0,16.11,AR,1666726945
metkovic,43.0542,17.6483,55.87,62.0,13.0,2.13,HR,1666727237
la ciotat,43.1748,5.6045,71.62,91.0,18.0,6.82,FR,1666727238
lorengau,-2.0226,147.2712,80.96,72.0,100.0,2.28,PG,1666727239
bondo,3.8146,23.6866,69.4,99.0,100.0,0.6,CD,1666727239
tuktoyaktuk,69.4541,-133.0374,11.21,94.0,65.0,5.7,CA,1666727240
west chester,39.9607,-75.6055,69.58,87.0,100.0,3.44,US,1666727079
portland,45.5234,-122.6762,56.08,88.0,100.0,8.01,US,1666727189
palembang,-2.9167,104.7458,73.49,100.0,75.0,9.22,ID,1666727240
nemuro,43.3236,145.575,44.58,52.0,6.0,3.4,JP,1666727240
aykhal,66.0,111.5,13.32,94.0,20.0,15.55,RU,1666727241
mareeba,-17.0,145.4333,73.44,91.0,0.0,2.64,AU,1666727241
tanout,14.9709,8.8879,84.43,18.0,7.0,13.44,NE,1666727241
ust-tsilma,65.441,52.1498,23.05,98.0,69.0,4.63,RU,1666727242
kalaleh,37.3807,55.4916,55.76,74.0,26.0,1.83,IR,1666727242
chokurdakh,70.6333,147.9167,6.12,93.0,100.0,3.29,RU,1666727242
port hedland,-20.3167,118.5667,62.65,82.0,0.0,4.61,AU,1666727243
malkerns,-26.5667,31.1833,70.97,71.0,25.0,1.12,SZ,1666727243
zhigansk,66.7697,123.3711,7.38,93.0,100.0,6.51,RU,1666727243
marawi,7.9986,124.2928,68.43,94.0,87.0,0.83,PH,1666727244
saskylakh,71.9167,114.0833,-3.73,100.0,86.0,4.03,RU,1666727244
chernyshevskiy,63.0128,112.4714,25.43,87.0,100.0,10.18,RU,1666727244
bathsheba,13.2167,-59.5167,83.01,83.0,40.0,21.85,BB,1666727245
saint-augustin,51.226,-58.6502,52.38,81.0,37.0,7.4,CA,1666727245
manta,-0.95,-80.7333,74.98,69.0,100.0,12.66,EC,1666727245
fuyu,45.1833,124.8167,50.16,77.0,100.0,15.52,CN,1666727246
ribeira grande,38.5167,-28.7,64.8,63.0,40.0,14.97,PT,1666727246
zhanaozen,43.3,52.8,50.47,58.0,97.0,13.35,KZ,1666727246
nurota,40.5614,65.6886,52.75,84.0,80.0,15.17,UZ,1666727247
kamenka,51.3223,42.7678,36.01,62.0,12.0,2.66,RU,1666727247
nishihara,26.1842,127.7558,70.88,69.0,75.0,9.22,JP,1666727248
daru,-9.0763,143.2092,78.06,83.0,100.0,7.65,PG,1666727248
juneau,58.3019,-134.4197,39.22,87.0,100.0,0.0,US,1666727248
port blair,11.6667,92.75,79.77,81.0,85.0,5.21,IN,1666727249
kilindoni,-7.9139,39.6668,76.96,80.0,24.0,12.5,TZ,1666727249
dunedin,-45.8742,170.5036,52.81,74.0,100.0,2.19,NZ,1666727161
sentyabrskiy,,,,,,,,
gimli,50.6336,-96.9907,35.78,68.0,100.0,15.73,CA,1666727250
makakilo city,21.3469,-158.0858,82.72,64.0,0.0,13.8,US,1666727250
saint-philippe,-21.3585,55.7679,69.39,80.0,39.0,14.25,RE,1666727250
kousseri,12.0769,15.0306,80.56,36.0,19.0,5.75,CM,1666727251
katsuura,35.1333,140.3,56.93,73.0,100.0,25.81,JP,1666727251
marcona,,,,,,,,
koslan,63.4564,48.8989,31.6,82.0,94.0,6.53,RU,1666727251
hasaki,35.7333,140.8333,53.22,57.0,100.0,33.08,JP,1666727252
buta,2.7858,24.73,69.31,99.0,100.0,1.39,CD,1666727252
mogadishu,2.0371,45.3438,78.53,87.0,63.0,11.07,SO,1666727252
morehead,37.2711,-87.1764,72.99,87.0,100.0,10.36,US,1666727253
zihuatanejo,17.6333,-101.55,84.97,73.0,31.0,8.08,MX,1666727193
fairlie,55.756,-4.8556,55.42,87.0,100.0,1.99,GB,1666727253
nkhotakota,-12.9274,34.2961,79.79,53.0,77.0,4.03,MW,1666727254
beringovskiy,63.05,179.3167,21.16,83.0,98.0,14.09,RU,1666727254
galveston,29.3669,-94.9669,75.18,44.0,0.0,14.97,US,1666727254
kununurra,-15.7667,128.7333,78.78,89.0,24.0,0.0,AU,1666727095
kaitangata,-46.2817,169.8464,48.54,64.0,100.0,5.55,NZ,1666727255
hermanus,-34.4187,19.2345,58.8,79.0,100.0,11.77,ZA,1666727255
porto novo,6.4965,2.6036,76.82,83.0,100.0,4.47,BJ,1666727256
ponta do sol,32.6667,-17.1,72.23,86.0,60.0,4.05,PT,1666727256
liman,48.9884,37.8023,51.12,88.0,100.0,8.23,UA,1666727256
luanda,-8.8368,13.2343,78.8,83.0,20.0,8.05,AO,1666727164
gashua,12.871,11.0482,85.39,19.0,37.0,12.53,NG,1666727257
nara,34.6851,135.8049,49.69,66.0,0.0,1.57,JP,1666727257
athabasca,54.7169,-113.2854,36.23,86.0,100.0,10.38,CA,1666727159
norman wells,65.282,-126.8329,17.44,81.0,87.0,2.62,CA,1666727257
butaritari,3.0707,172.7902,81.05,77.0,42.0,3.09,KI,1666727258
plettenberg bay,-34.0527,23.3716,59.58,80.0,100.0,6.76,ZA,1666727259
la palma,33.8464,-118.0467,81.81,32.0,0.0,5.75,US,1666727260
ryotsu,38.0833,138.4333,55.89,64.0,35.0,7.2,JP,1666727260
luderitz,-26.6481,15.1594,64.45,62.0,100.0,16.55,NA,1666727261
burica,,,,,,,,
coahuayana,18.7333,-103.6833,84.11,75.0,92.0,6.67,MX,1666727261
dukat,62.55,155.55,8.44,78.0,10.0,12.35,RU,1666727261
san felipe,10.3399,-68.7425,84.96,64.0,100.0,2.95,VE,1666727262
kodiak,57.79,-152.4072,42.31,81.0,100.0,5.75,US,1666727262
bol,13.4586,14.7147,83.7,39.0,7.0,15.43,TD,1666727262
guerrero negro,27.9769,-114.0611,77.4,30.0,0.0,5.3,MX,1666727033
carnarvon,-24.8667,113.6333,64.18,68.0,0.0,23.76,AU,1666727263
kavieng,-2.5744,150.7967,82.09,77.0,100.0,5.55,PG,1666727263
loralai,30.3705,68.598,64.24,23.0,1.0,9.78,PK,1666727263
bandarbeyla,9.4942,50.8122,77.95,75.0,19.0,2.37,SO,1666727264
antalaha,-14.9003,50.2788,69.55,86.0,18.0,2.84,MG,1666727264
victoria,22.2855,114.1577,73.45,73.0,100.0,10.0,HK,1666727049
vanimo,-2.6741,141.3028,77.04,90.0,100.0,3.76,PG,1666727264
shelburne,44.0787,-80.2041,67.6,64.0,100.0,12.03,CA,1666727265
esperance,-33.8667,121.9,56.12,80.0,43.0,8.7,AU,1666727265
adelanto,34.5828,-117.4092,74.03,19.0,0.0,5.41,US,1666727255
champerico,14.3,-91.9167,93.74,72.0,4.0,8.01,GT,1666727265
qaanaaq,77.484,-69.3632,24.08,93.0,100.0,3.47,GL,1666727266
torbay,47.6666,-52.7314,60.89,78.0,0.0,5.08,CA,1666727266
goderich,43.7501,-81.7165,71.91,58.0,100.0,13.76,CA,1666727266
upernavik,72.7868,-56.1549,23.72,94.0,100.0,12.39,GL,1666727267
wanaka,-44.7,169.15,55.11,59.0,100.0,5.01,NZ,1666727267
dryden,49.7833,-92.7503,36.1,67.0,100.0,9.82,CA,1666727267
magistralnyy,56.1725,107.4458,27.75,71.0,98.0,5.41,RU,1666727268
half moon bay,37.4636,-122.4286,73.58,63.0,20.0,12.66,US,1666727268
scottsburgh,,,,,,,,
samoded,63.6083,40.5111,28.92,94.0,18.0,4.21,RU,1666727268
umm lajj,25.0213,37.2685,78.91,63.0,0.0,6.26,SA,1666727269
zhangye,38.9342,100.4517,46.72,43.0,0.0,1.12,CN,1666727269
bongandanga,1.5,21.05,71.02,97.0,99.0,2.15,CD,1666727269
wakkanai,45.4094,141.6739,46.38,68.0,7.0,14.61,JP,1666727270
bilma,18.6853,12.9164,73.74,11.0,0.0,4.83,NE,1666727270
samalaeulu,,,,,,,,
karratha,-20.7377,116.8463,74.41,30.0,0.0,9.06,AU,1666727271
anadyr,64.75,177.4833,9.1,84.0,100.0,2.24,RU,1666727271
ondangwa,-17.9167,15.95,83.64,26.0,22.0,2.35,NA,1666727271
hamilton,39.1834,-84.5333,76.06,51.0,40.0,17.27,US,1666727140
leshukonskoye,64.8989,45.7622,29.7,91.0,21.0,5.86,RU,1666727272
tumbi,-5.0667,32.7333,79.68,24.0,100.0,3.65,TZ,1666727272
pangai,-19.8,-174.35,73.51,46.0,75.0,12.66,TO,1666727272
bodden town,19.2833,-81.25,87.8,67.0,20.0,10.36,KY,1666727273
tiksi,71.6872,128.8694,17.64,91.0,100.0,11.34,RU,1666727274
vila franca do campo,37.7167,-25.4333,64.81,70.0,100.0,8.84,PT,1666727274
nanortalik,60.1432,-45.2371,34.45,72.0,3.0,4.43,GL,1666727274
homer,59.6425,-151.5483,38.8,80.0,100.0,10.0,US,1666727275
gat,31.61,34.7642,79.48,40.0,0.0,6.11,IL,1666727275
iralaya,15.0,-83.2333,84.96,67.0,45.0,7.56,HN,1666727275
labuhan,-6.8844,112.2051,77.67,82.0,81.0,11.45,ID,1666727275
boyuibe,-20.4167,-63.2833,95.31,25.0,0.0,15.64,BO,1666727276
avera,33.194,-82.5271,80.55,35.0,100.0,6.89,US,1666727276
columbus,39.9612,-82.9988,76.91,47.0,75.0,13.8,US,1666726985
risod,19.9667,76.7833,67.46,55.0,0.0,2.06,IN,1666727276
harper,4.375,-7.7169,77.7,89.0,36.0,7.96,LR,1666727277
leningradskiy,69.3833,178.4167,1.6,91.0,73.0,5.06,RU,1666727277
tukrah,32.5341,20.5791,71.31,81.0,0.0,6.55,LY,1666727277
black river,18.0264,-77.8487,84.97,60.0,5.0,4.16,JM,1666727278
jerecuaro,20.15,-100.5167,81.03,33.0,93.0,4.72,MX,1666727278
constitucion,-35.3333,-72.4167,59.14,78.0,83.0,9.01,CL,1666727157
xam nua,20.4197,104.0439,62.94,95.0,99.0,1.23,LA,1666727279
thompson,55.7435,-97.8558,26.94,94.0,100.0,11.1,CA,1666727110
bur gabo,,,,,,,,
buala,-8.145,159.5921,80.4,81.0,92.0,3.91,SB,1666727279
ancud,-41.8697,-73.8203,54.72,76.0,69.0,16.91,CL,1666727280
saint anthony,45.0205,-93.218,49.01,63.0,40.0,13.8,US,1666727280
chapais,49.7834,-74.8492,63.84,73.0,100.0,12.66,CA,1666727282
krasnoshchekovo,51.6708,82.7289,31.01,45.0,1.0,4.92,RU,1666727282
vila velha,-20.3297,-40.2925,73.35,95.0,100.0,3.44,BR,1666727283
macapa,0.0389,-51.0664,93.18,55.0,20.0,11.5,BR,1666727283
olafsvik,64.8945,-23.7142,41.67,82.0,100.0,21.43,IS,1666727283
hambantota,6.1241,81.1185,76.8,88.0,100.0,7.7,LK,1666727284
nantucket,41.2835,-70.0995,73.51,92.0,100.0,9.22,US,1666727284
solnechnyy,50.7214,136.6319,32.04,67.0,31.0,4.5,RU,1666727284
raudeberg,61.9875,5.1352,49.87,1.0,100.0,11.32,NO,1666727285
alotau,,,,,,,,
tasiilaq,65.6145,-37.6368,33.96,94.0,100.0,3.09,GL,1666727285
chuy,-33.6971,-53.4616,65.86,69.0,2.0,12.8,UY,1666727286
bucerias,20.75,-105.3333,86.99,73.0,11.0,6.29,MX,1666727286
benicarlo,40.4165,0.4271,75.9,73.0,100.0,3.47,ES,1666727286
mildura,-34.2,142.15,57.16,88.0,100.0,8.05,AU,1666727287
yenotayevka,47.2456,47.0281,43.38,74.0,5.0,8.5,RU,1666727287
tubruq,,,,,,,,
danville,36.586,-79.395,74.28,54.0,0.0,4.0,US,1666727288
coquimbo,-29.9533,-71.3436,62.33,55.0,75.0,11.5,CL,1666726997
maneadero,31.7167,-116.5667,72.1,42.0,0.0,5.01,MX,1666727288
port hardy,50.6996,-127.4199,43.47,91.0,100.0,8.23,CA,1666727030
ostrzeszow,51.4264,17.9336,51.98,89.0,8.0,6.64,PL,1666727289
saint-pierre,-21.3393,55.4781,72.91,78.0,0.0,2.3,RE,1666727289
conde,-7.2597,-34.9075,80.06,69.0,40.0,10.36,BR,1666727289
don sak,9.3168,99.6918,83.14,76.0,100.0,4.41,TH,1666727290
walvis bay,-22.9575,14.5053,61.09,82.0,100.0,4.61,NA,1666727291
martinsville,36.6915,-79.8725,73.38,39.0,0.0,6.91,US,1666727291
galle,6.0367,80.217,77.81,86.0,100.0,4.18,LK,1666727291
okandja,,,,,,,,
touros,-5.1989,-35.4608,79.34,73.0,85.0,14.18,BR,1666727118
kudahuvadhoo,2.6708,72.8944,80.98,81.0,50.0,11.18,MV,1666727293
lasa,46.6166,10.7002,52.68,91.0,75.0,2.33,IT,1666727295
kargasok,59.0556,80.8572,31.78,87.0,100.0,15.21,RU,1666727297
virginia beach,36.8529,-75.978,64.44,93.0,100.0,6.91,US,1666727043
palauig,15.435,119.9045,79.79,73.0,60.0,4.07,PH,1666727297
yermish,54.7678,42.2711,35.06,81.0,45.0,3.29,RU,1666727298
nioro,13.35,-15.75,82.44,62.0,98.0,0.29,GM,1666727299
noumea,-22.2763,166.4572,78.01,99.0,100.0,9.37,NC,1666727299
hatillo,18.4863,-66.8254,83.08,84.0,100.0,3.78,PR,1666727216
springbok,-29.6643,17.8865,60.8,39.0,98.0,3.85,ZA,1666727300
provideniya,64.3833,-173.3,22.57,86.0,93.0,11.23,RU,1666727300
sokoto,13.0609,5.239,84.63,24.0,56.0,10.09,NG,1666727301
narsaq,60.9167,-46.05,28.62,73.0,0.0,7.52,GL,1666727301
yar-sale,66.8333,70.8333,20.43,95.0,98.0,10.16,RU,1666727301
mount pleasant,32.7941,-79.8626,78.06,74.0,0.0,8.05,US,1666727302
mountain home,43.133,-115.6912,47.68,53.0,40.0,6.91,US,1666727302
katangli,51.7102,143.2326,32.56,83.0,20.0,9.91,RU,1666727302
nabire,-3.3667,135.4833,74.98,90.0,100.0,3.33,ID,1666727304
cockburn town,21.4612,-71.1419,80.31,71.0,100.0,3.56,TC,1666727304
sinkat,,,,,,,,
ostersund,63.1792,14.6357,38.61,100.0,100.0,8.05,SE,1666727305
solano,38.2333,-121.9511,73.36,42.0,0.0,13.8,US,1666727305
tabas,33.5959,56.9244,69.04,37.0,73.0,5.64,IR,1666727305
basoko,1.2391,23.616,73.0,93.0,99.0,2.06,CD,1666727306
iqaluit,63.7506,-68.5145,20.7,79.0,100.0,18.01,CA,1666727307
port-gentil,-0.7193,8.7815,80.56,89.0,40.0,9.22,GA,1666727308
ulladulla,-35.35,150.4667,61.83,79.0,27.0,5.12,AU,1666727308
lolua,,,,,,,,
canoa,18.355,-71.1585,80.31,89.0,75.0,6.91,DO,1666727308
rawson,-43.3002,-65.1023,63.7,40.0,100.0,15.73,AR,1666727309
christchurch,-43.5333,172.6333,53.42,89.0,77.0,5.75,NZ,1666727309
nouadhibou,20.931,-17.0347,71.58,83.0,2.0,13.8,MR,1666727310
angoche,-16.2325,39.9086,77.14,69.0,56.0,15.73,MZ,1666727310
north platte,41.1239,-100.7654,62.49,25.0,0.0,9.22,US,1666727284
olden,61.8364,6.8064,47.14,96.0,100.0,4.56,NO,1666727311
tonekabon,36.8163,50.8738,60.75,82.0,49.0,1.39,IR,1666727311
diamantino,-14.4086,-56.4461,84.49,62.0,100.0,4.45,BR,1666727311
kupang,-10.1667,123.5833,79.14,82.0,100.0,4.59,ID,1666727313
utmanzai,34.188,71.7629,68.61,34.0,0.0,3.85,PK,1666727314
amuntai,-2.4177,115.2494,74.44,98.0,100.0,1.79,ID,1666727315
havoysund,70.9963,24.6622,35.83,58.0,100.0,5.53,NO,1666727316
yichang,30.7144,111.2847,60.96,76.0,100.0,0.58,CN,1666727316
praia da vitoria,38.7333,-27.0667,61.75,82.0,40.0,12.12,PT,1666727317
ust-nera,64.5667,143.2,14.65,96.0,100.0,9.31,RU,1666727317
manaure,11.7751,-72.4445,81.64,77.0,99.0,15.52,CO,1666727317
hervey bay,-25.2986,152.8535,75.02,97.0,6.0,15.01,AU,1666727319
berea,41.3662,-81.8543,75.27,51.0,75.0,14.97,US,1666727035
san cristobal,7.7669,-72.225,82.58,52.0,100.0,4.16,VE,1666727319
picayune,30.5255,-89.6795,76.87,61.0,86.0,7.07,US,1666727151
kefalos,36.7453,26.9589,68.22,45.0,0.0,4.61,GR,1666727320
palu,-0.8917,119.8707,74.66,95.0,79.0,2.93,ID,1666727320
kemijarvi,66.7131,27.4306,30.76,77.0,100.0,6.8,FI,1666727321
tautira,-17.7333,-149.15,78.24,85.0,100.0,24.79,PF,1666727321
margate,51.3813,1.3862,61.9,86.0,100.0,4.0,GB,1666727321
sassandra,4.95,-6.0833,76.66,92.0,100.0,5.32,CI,1666727322
haljala,59.4336,26.2614,44.73,97.0,100.0,9.22,EE,1666727322
bubaque,11.2833,-15.8333,85.44,72.0,15.0,10.27,GW,1666727323
mezen,65.8522,44.24,29.84,94.0,26.0,6.4,RU,1666727323
lakatoro,-16.0999,167.4164,78.46,81.0,4.0,3.62,VU,1666727324
copiapo,-27.3667,-70.3333,56.89,33.0,15.0,9.35,CL,1666727286
trincomalee,8.5711,81.2335,79.21,77.0,20.0,1.63,LK,1666727324
fabriano,43.3406,12.9073,66.02,87.0,12.0,5.23,IT,1666727325
kieta,-6.2167,155.6333,79.27,84.0,71.0,1.48,PG,1666727325
santa ana,33.7456,-117.8678,83.07,35.0,0.0,5.75,US,1666727325
atar,20.5169,-13.0499,90.72,15.0,98.0,10.65,MR,1666727326
samfya,-11.3649,29.5565,74.19,52.0,72.0,7.72,ZM,1666727326
houma,29.5958,-90.7195,75.0,63.0,40.0,11.63,US,1666727246
mayo,38.8876,-76.5119,64.81,91.0,100.0,5.75,US,1666727102
tobol,52.6844,62.5794,33.93,98.0,100.0,2.71,KZ,1666727326
ovre ardal,61.3167,7.8,43.68,99.0,100.0,1.57,NO,1666727327
coari,-4.085,-63.1414,82.51,75.0,100.0,2.93,BR,1666727327
kjopsvik,68.097,16.3742,24.67,73.0,50.0,5.99,NO,1666727328
aloleng,16.1307,119.7824,79.12,76.0,100.0,8.3,PH,1666727329
pyshma,56.9523,63.2513,27.43,82.0,28.0,5.37,RU,1666727330
chimbote,-9.0853,-78.5783,66.61,71.0,58.0,10.67,PE,1666727331
dingle,10.9995,122.6711,76.06,92.0,100.0,4.68,PH,1666727331
masakin,35.7292,10.5808,71.8,78.0,0.0,3.44,TN,1666727331
henties bay,-22.116,14.2845,58.66,93.0,76.0,6.6,NA,1666727331
dimapur,25.9,93.7333,67.37,98.0,40.0,0.29,IN,1666727332
jaroslaw,50.0162,22.6778,55.8,90.0,100.0,7.63,PL,1666727332
gloucester,51.8657,-2.2431,59.79,84.0,100.0,11.99,GB,1666727332
angoram,-4.0625,144.0661,72.84,97.0,100.0,1.63,PG,1666727333
beyneu,45.3167,55.2,51.93,75.0,100.0,18.03,KZ,1666727333
merano,46.6682,11.1595,59.58,91.0,40.0,1.88,IT,1666727333
lakes entrance,-37.8811,147.981,57.16,98.0,100.0,5.32,AU,1666727334
concarneau,47.875,-3.9225,65.82,84.0,82.0,17.05,FR,1666727334
hakkari,37.5833,44.1667,38.98,81.0,0.0,1.14,TR,1666727055
taoudenni,22.6783,-3.9836,85.14,11.0,96.0,11.12,ML,1666727334
te anau,-45.4167,167.7167,50.34,86.0,100.0,5.1,NZ,1666727335
cran-gevrier,45.9,6.1,56.8,94.0,0.0,0.0,FR,1666727269
aklavik,68.2191,-135.0107,8.02,95.0,93.0,4.74,CA,1666727335
burnie,-41.0667,145.9167,56.95,88.0,100.0,8.7,AU,1666727336
salalah,17.0151,54.0924,77.09,61.0,0.0,3.44,OM,1666727336
lavrentiya,65.5833,-171.0,26.31,77.0,99.0,13.76,RU,1666727336
nyandoma,61.669,40.1991,27.28,96.0,13.0,3.85,RU,1666727337
tuyen quang,21.8233,105.2181,72.99,85.0,99.0,0.4,VN,1666727337
koungou,-12.7336,45.2042,78.51,73.0,75.0,11.5,YT,1666727337
kichha,28.9167,79.5,63.0,77.0,0.0,4.43,IN,1666727337
sungairaya,0.7,108.9,76.35,91.0,100.0,3.65,ID,1666727338
uyemskiy,64.4743,40.8524,30.25,100.0,100.0,4.47,RU,1666727338
samarai,-10.6167,150.6667,80.2,71.0,26.0,6.26,PG,1666727338
vilyuysk,63.7553,121.6247,23.13,96.0,97.0,7.11,RU,1666727339
alice springs,-23.7,133.8833,67.55,68.0,2.0,5.75,AU,1666727130
taua,-5.9667,-40.3,87.85,42.0,100.0,12.84,BR,1666727339
severo-yeniseyskiy,60.3725,93.0408,26.82,77.0,100.0,14.5,RU,1666727340
ukiah,39.1502,-123.2078,70.38,56.0,0.0,1.99,US,1666727340
zaqatala,41.6336,46.6433,54.07,67.0,40.0,11.5,AZ,1666727340
ixtapa,20.7,-105.2,86.23,73.0,11.0,4.0,MX,1666727221
chagda,,,,,,,,
kabinda,-6.1333,24.4833,72.54,72.0,93.0,4.43,CD,1666727341
tuatapere,-46.1333,167.6833,50.36,73.0,100.0,5.14,NZ,1666727341
kuala terengganu,5.3302,103.1408,82.98,100.0,40.0,8.05,MY,1666727341
banda aceh,5.5577,95.3222,79.3,82.0,92.0,8.79,ID,1666727342
pacific grove,36.6177,-121.9166,68.65,81.0,20.0,9.22,US,1666727343
casas grandes,30.3667,-107.95,65.44,32.0,0.0,3.76,MX,1666727343
fuling,29.7022,107.3919,62.35,80.0,100.0,2.35,CN,1666727344
grindavik,63.8424,-22.4338,46.35,93.0,0.0,5.75,IS,1666727344
toliary,,,,,,,,
ayan,56.45,138.1667,35.55,56.0,100.0,8.57,RU,1666727344
inirida,3.8653,-67.9239,87.04,62.0,100.0,0.29,CO,1666727345
krasnovishersk,60.4078,57.082,25.99,98.0,90.0,2.37,RU,1666727345
along,28.1667,94.7667,64.31,98.0,71.0,1.14,IN,1666727345
skagastrond,,,,,,,,
wewak,-3.5534,143.6268,79.52,80.0,90.0,1.05,PG,1666727346
bosaso,11.2842,49.1816,78.28,70.0,63.0,5.77,SO,1666727346
turbat,26.0023,63.044,80.55,51.0,0.0,3.4,PK,1666727347
dergachi,51.2328,48.7659,34.57,75.0,18.0,6.62,RU,1666727347
shellbrook,53.2168,-106.4011,37.2,52.0,96.0,4.32,CA,1666727348
isangel,-19.55,169.2667,73.51,83.0,100.0,1.14,VU,1666727348
srandakan,-7.9386,110.2506,76.64,84.0,100.0,4.34,ID,1666727307
lexington,37.9887,-84.4777,76.42,43.0,40.0,14.97,US,1666727145
peno,56.9262,32.7426,39.58,88.0,100.0,8.5,RU,1666727349
cumaribo,,,,,,,,
souillac,-20.5167,57.5167,71.98,83.0,40.0,13.8,MU,1666727349
kaeo,-35.1,173.7833,61.32,82.0,59.0,8.77,NZ,1666727350
terme,41.2092,36.9739,49.93,80.0,0.0,4.38,TR,1666727350
backo petrovo selo,45.7081,20.0753,57.04,79.0,6.0,5.68,RS,1666727350
alta floresta,-9.8756,-56.0861,84.02,65.0,0.0,5.75,BR,1666727351
inhambane,-23.865,35.3833,76.89,88.0,1.0,14.29,MZ,1666727351
shouguang,36.88,118.7375,56.68,65.0,100.0,7.96,CN,1666727352
lardos,36.0942,28.0157,67.95,61.0,0.0,2.15,GR,1666727149
barawe,,,,,,,,
evensk,61.95,159.2333,16.45,88.0,65.0,7.43,RU,1666727352
quatre cocos,-20.2078,57.7625,73.09,76.0,5.0,11.27,MU,1666727353
college,64.8569,-147.8028,23.2,85.0,20.0,9.22,US,1666727298
ambon,-3.6954,128.1814,78.94,94.0,20.0,5.75,ID,1666727353
araguatins,,,,,,,,
ust-kuyga,70.0167,135.6,16.14,96.0,100.0,5.7,RU,1666727355
cap malheureux,-19.9842,57.6142,73.47,69.0,1.0,7.0,MU,1666727355
west wendover,40.7391,-114.0733,51.01,43.0,20.0,12.66,US,1666727356
cece,46.7706,18.6283,56.75,83.0,30.0,5.7,HU,1666727356
yulara,-25.2406,130.9889,66.0,37.0,0.0,9.95,AU,1666727356
chauk,20.8833,94.8167,73.99,92.0,93.0,4.16,MM,1666727357
santa eulalia del rio,,,,,,,,
acapulco,16.8634,-99.8901,83.59,81.0,53.0,7.92,MX,1666727057
ry,,,,,,,,
altinopolis,-21.0256,-47.3739,87.15,25.0,21.0,3.91,BR,1666727358
teya,60.3778,92.6267,29.86,79.0,100.0,13.94,RU,1666727358
manggar,-2.8833,108.2667,77.72,89.0,93.0,6.58,ID,1666727359
meulaboh,4.1363,96.1285,76.53,90.0,100.0,4.68,ID,1666727361
nizhneyansk,,,,,,,,
fukue,32.6881,128.8419,63.03,58.0,0.0,16.58,JP,1666727361
amapa,1.0,-52.0,94.64,35.0,100.0,2.91,BR,1666727361
mapimi,25.8167,-103.85,73.69,28.0,1.0,4.9,MX,1666727362
toora-khem,52.4675,96.11,16.88,62.0,5.0,2.51,RU,1666727362
kongoussi,13.3258,-1.5347,88.75,20.0,6.0,6.96,BF,1666727363
zhitikara,,,,,,,,
babu,24.4167,111.5167,68.92,74.0,81.0,2.48,CN,1666727363
san policarpo,12.1791,125.5072,80.78,86.0,100.0,13.24,PH,1666727363
batsfjord,70.6345,29.7185,33.73,86.0,0.0,17.27,NO,1666727364
amalapuram,16.5833,82.0167,72.95,80.0,0.0,1.86,IN,1666727364
tiznit,29.5833,-9.5,82.35,15.0,100.0,9.24,MA,1666727365
kantunilkin,21.0917,-87.45,87.58,53.0,100.0,2.66,MX,1666727365
mecca,21.4267,39.8261,81.7,60.0,95.0,4.65,SA,1666727365
lhuntshi,,,,,,,,
soe,-9.8607,124.284,67.53,93.0,99.0,0.83,ID,1666727366
jacareacanga,-6.2222,-57.7528,75.43,91.0,100.0,0.63,BR,1666727366
mutis,6.2262,-77.4044,79.3,85.0,99.0,8.37,CO,1666727366
jalu,29.0331,21.5482,73.11,42.0,0.0,11.16,LY,1666727367
santa maria do suacui,-18.1903,-42.4142,82.35,48.0,59.0,7.72,BR,1666727367
umzimvubu,,,,,,,,
honiara,-9.4333,159.95,79.48,84.0,8.0,2.73,SB,1666727368
salamiyah,35.0113,37.0532,72.09,36.0,100.0,12.41,SY,1666727368
faya,18.3851,42.4509,64.51,72.0,24.0,3.74,SA,1666727368
pevek,69.7008,170.3133,-0.09,92.0,12.0,6.96,RU,1666727369
golovchino,50.5341,35.797,49.84,93.0,100.0,10.29,RU,1666727369
shimoda,34.6667,138.95,52.11,75.0,100.0,22.06,JP,1666727369
rio gallegos,-51.6226,-69.2181,53.65,37.0,0.0,20.71,AR,1666727370
port macquarie,-31.4333,152.9167,62.89,84.0,8.0,6.51,AU,1666727323
byron bay,-28.65,153.6167,70.95,77.0,22.0,6.8,AU,1666727370
baijiantan,45.6333,85.1833,46.44,67.0,89.0,1.48,CN,1666727370
gladstone,-23.85,151.25,72.79,94.0,100.0,3.44,AU,1666727371
caravelas,-17.7125,-39.2481,75.22,85.0,50.0,5.77,BR,1666727371
xining,36.6167,101.7667,45.55,88.0,100.0,1.41,CN,1666727371
mollendo,-17.0231,-72.0147,64.87,73.0,34.0,8.81,PE,1666727372
opuwo,-18.0607,13.84,73.78,38.0,6.0,5.5,NA,1666727372
grand-santi,4.25,-54.3833,85.71,60.0,98.0,5.68,GF,1666727373
aanekoski,62.6946,25.818,35.67,100.0,100.0,7.47,FI,1666727373
erzin,36.9559,36.2,70.05,34.0,10.0,6.55,TR,1666727373
beterou,9.1992,2.2586,78.24,80.0,100.0,4.85,BJ,1666727374
north bend,43.4065,-124.2243,60.17,91.0,0.0,11.5,US,1666727110
belaya gora,68.5333,146.4167,11.77,93.0,100.0,4.07,RU,1666727376
chicama,-7.8447,-79.1469,63.14,59.0,100.0,10.33,PE,1666727376
poum,-20.2333,164.0167,75.36,81.0,20.0,8.75,NC,1666727377
tshikapa,-6.4167,20.8,70.84,87.0,100.0,0.85,CD,1666727377
broome,42.2506,-75.833,69.19,72.0,20.0,10.36,US,1666727377
korla,41.7597,86.1469,48.31,43.0,0.0,0.72,CN,1666727378
tarakan,3.3,117.6333,75.09,89.0,100.0,6.04,ID,1666727378
goma,-1.6792,29.2228,65.03,79.0,100.0,4.5,CD,1666727378
debre birhan,9.6833,39.5333,48.99,80.0,15.0,5.3,ET,1666727379
moron,-34.6534,-58.6198,83.95,56.0,100.0,10.56,AR,1666727379
pangkalanbuun,-2.6833,111.6167,74.23,97.0,100.0,2.53,ID,1666727380
ballina,-28.8667,153.5667,71.02,93.0,45.0,8.32,AU,1666727380
dorado,18.4588,-66.2677,87.69,89.0,100.0,1.92,PR,1666727380
south venice,27.0531,-82.4243,87.28,66.0,1.0,7.0,US,1666727381
sorland,67.667,12.6934,44.46,64.0,100.0,2.48,NO,1666727381
sitka,57.0531,-135.33,44.49,81.0,20.0,0.0,US,1666727381
copala,16.65,-98.9833,82.83,80.0,63.0,7.27,MX,1666727382
naze,28.3667,129.4833,70.72,64.0,100.0,18.59,JP,1666727382
binzhou,37.3667,118.0167,58.21,53.0,100.0,7.61,CN,1666727383
little current,45.9793,-81.9248,60.42,62.0,37.0,11.86,CA,1666727110
laguna,38.421,-121.4238,74.34,46.0,0.0,5.75,US,1666727383
panguna,-6.3164,155.4848,69.57,94.0,91.0,1.25,PG,1666727383
alyangula,-13.8483,136.4192,82.02,79.0,33.0,13.62,AU,1666727384
seoul,37.5683,126.9778,49.44,90.0,0.0,2.3,KR,1666727280
iluppur,10.5135,78.6236,78.15,73.0,87.0,3.94,IN,1666727384
matara,5.9485,80.5353,76.6,88.0,100.0,4.34,LK,1666727384
shingu,33.7333,135.9833,49.78,74.0,0.0,5.84,JP,1666727385
aswan,24.0934,32.907,76.3,41.0,0.0,8.05,EG,1666727385
baruun-urt,46.6806,113.2792,22.86,46.0,0.0,8.28,MN,1666727385
namibe,-15.1961,12.1522,69.53,84.0,38.0,8.72,AO,1666727386
gorkovskoye,,,,,,,,
adrar,20.5022,-10.0711,82.76,13.0,90.0,9.82,MR,1666727386
brae,60.3964,-1.353,51.44,89.0,100.0,8.19,GB,1666727386
geraldton,-28.7667,114.6,48.61,93.0,0.0,6.91,AU,1666727387
general pico,-35.6566,-63.7568,69.21,84.0,99.0,21.16,AR,1666727387
niort,46.3333,-0.3333,66.16,80.0,36.0,7.67,FR,1666727387
barcelona,41.3888,2.159,73.15,85.0,40.0,6.91,ES,1666727106
gizo,-8.103,156.8419,83.08,70.0,53.0,2.24,SB,1666727388
nasice,45.4886,18.0878,56.55,100.0,38.0,3.4,HR,1666727324
privokzalnyy,,,,,,,,
bolshoy uluy,,,,,,,,
baghdad,33.3406,44.4009,69.71,37.0,0.0,5.75,IQ,1666727388
grand river south east,,,,,,,,
teguise,29.0605,-13.564,71.82,78.0,0.0,3.44,ES,1666727389
kizner,56.2749,51.508,32.29,88.0,99.0,5.7,RU,1666727389
prince rupert,54.3161,-130.3201,44.35,88.0,88.0,6.55,CA,1666727111
nome,64.5011,-165.4064,28.47,74.0,0.0,18.41,US,1666727272
mabai,23.0128,104.4508,55.71,95.0,71.0,2.98,CN,1666727390
kiunga,-6.1219,141.2906,73.2,99.0,100.0,1.9,PG,1666727390
montbeliard,47.5167,6.8,63.55,80.0,100.0,4.32,FR,1666727390
shiyan,32.6475,110.7781,55.62,96.0,100.0,1.25,CN,1666727391
lang suan,9.9456,99.0785,76.95,90.0,100.0,4.45,TH,1666727391
peace river,56.2501,-117.286,35.28,67.0,98.0,5.64,CA,1666727109
lata,40.1629,-8.3327,65.8,85.0,3.0,5.06,PT,1666727391
lalomanu,,,,,,,,
itarema,-2.9248,-39.9167,80.51,71.0,76.0,16.8,BR,1666727392
kavaratti,10.5669,72.642,82.13,61.0,96.0,8.59,IN,1666727392
preobrazheniye,42.9019,133.9064,41.88,73.0,10.0,7.07,RU,1666727392
carutapera,-1.195,-46.02,83.07,66.0,67.0,9.19,BR,1666727393
hammerfest,70.6634,23.6821,32.45,74.0,0.0,3.44,NO,1666727393
sorong,-0.8833,131.25,79.21,87.0,85.0,6.53,ID,1666727394
itaituba,-4.2761,-55.9836,87.96,70.0,20.0,5.75,BR,1666727394
alamos,27.0167,-108.9333,84.69,29.0,76.0,5.32,MX,1666727395
garut,-7.2024,107.8878,68.59,99.0,100.0,0.94,ID,1666727395
meadow lake,34.8014,-106.5436,60.57,27.0,0.0,5.64,US,1666727396
salta,-24.7859,-65.4117,90.19,34.0,40.0,17.27,AR,1666727396
bonavista,48.6499,-53.1147,51.87,78.0,6.0,4.38,CA,1666727397
takoradi,4.8845,-1.7554,78.3,86.0,90.0,5.53,GH,1666727397
qaqortoq,60.7167,-46.0333,29.77,69.0,0.0,5.84,GL,1666727397
ibadan,7.3878,3.8964,78.69,94.0,40.0,2.3,NG,1666727398
olinda,-8.0089,-34.8553,82.13,65.0,75.0,9.22,BR,1666727216
zachagansk,,,,,,,,
guelengdeng,,,,,,,,
nuevitas,21.5453,-77.2644,81.36,67.0,14.0,8.14,CU,1666727398
wanning,18.8003,110.3967,76.19,90.0,96.0,13.2,CN,1666727400
